0.049027
0.065246
0.149192
0.07004
0.570637
0.924569
0.948626
0.546431
0.196083
0.087485
0.465547
0.555433
0.244288
0.038747
0.551915
0.264469
0.7522
0.723236
0.957001
0.333687
0.72596
0.957048
0.002707
0.335299
0.251047
0.466597
0.598531
0.125623
0.769839
0.571367
0.004745
0.573045
0.684306
0.829104
0.035217
0.505011
0.078541
0.487069
0.876312
0.900926
0.465189
0.349688
0.652229
0.252553
0.485027
0.047883
0.958156
0.960035
0.876971
0.442189
0.586699
0.012922
0.698296
0.350726
0.167294
0.440281
0.82073
0.999357
0.006318
0.390739
0.484498
0.182985
0.611765
0.416732
0.67703
0.30629
0.292627
0.118283
0.054604
0.447709
0.721325
0.75814
0.52722
0.782435
0.679516
0.008387
0.976981
0.503088
0.023407
0.391675
0.971023
0.901675
0.018914
0.775268
0.971939
0.815079
0.979685
0.262688
0.297281
0.880553
0.15524
0.51736
0.363117
0.938453
0.641252
0.67718
0.768203
0.937835
0.409158
0.207659
0.630803
0.401233
0.389677
0.829804
0.432914
0.385809
0.980329
0.590552
0.505591
0.933437
0.092408
0.697764
0.082471
0.147647
0.995113
0.489317
0.820245
0.111051
0.94533
0.926074
0.362613
0.507557
0.653924
0.29911
0.923059
0.778743
0.817085
0.250041
0.756121
0.07378
0.758085
0.774883
0.685652
0.424303
0.578053
0.728249
0.905753
0.114213
0.950093
0.675093
0.089516
0.504576
0.996746
0.11209
0.363424
0.140854
0.469666
0.861171
0.195298
0.812285
0.816291
0.468634
0.312865
0.983729
0.65291
0.699955
0.407504
0.451874
0.125574
0.794187
0.735357
0.814892
0.91794
0.950175
0.326911
0.609386
0.392444
0.021183
0.247162
0.061376
0.692464
0.096178
0.663177
0.428973
0.078407
0.997523
0.520006
0.667119
0.830212
0.316254
0.768535
0.022248
0.60757
0.56597
0.624094
0.188874
0.987055
0.90023
0.869333
0.910574
0.796261
0.526641
0.974894
0.342639
0.725491
0.289369
0.041244
0.833522
0.493586
0.830128
0.016361
0.098924
0.273917
0.961226
0.594108
0.531703
0.820127
0.633917
0.044521
0.217238
0.739993
0.945533
0.284049
0.199934
0.625114
0.460756
0.034361
0.143705
0.717991
0.773327
0.291028
0.539984
0.885017
0.514022
0.775174
0.579061
0.59283
0.587324
0.151422
0.734699
0.391902
0.807479
0.071292
0.470508
0.303912
0.068538
0.960615
0.216088
0.423613
0.528493
0.143624
0.953342
0.510522
0.633409
0.446346
0.364644
0.834179
0.438857
0.72436
0.668712
0.307967
0.606149
0.821686
0.669808
0.468575
0.19505
0.776328
0.367013
0.402279
0.527481
0.003051
0.813319
0.166559
0.973874
0.622605
0.659339
0.269223
0.196396
0.310656
0.012608
0.817971
0.475534
0.673801
0.606788
0.046382
0.24377
0.661346
0.525873
0.432074
0.221686
0.841257
0.957922
0.251175
0.233847
0.613854
0.383424
0.658815
0.477752
0.322751
0.903047
0.365301
0.252339
0.013177
0.347701
0.88229
0.888248
0.652017
0.254329
0.516829
0.51583
0.457451
0.167786
0.166461
0.213357
0.5535
0.859393
0.893485
0.969526
0.799452
0.670439
0.593473
0.478858
0.577055
0.579291
0.234512
0.071092
0.411525
0.20328
0.929818
0.368148
0.590136
0.091503
0.952509
0.873407
0.485528
0.255579
0.597335
0.995103
0.812864
0.13714
0.74113
0.442722
0.369135
0.556463
0.043847
0.896068
0.791132
0.930546
0.162669
0.165349
0.684494
0.676904
0.625728
0.883888
0.560312
0.848544
0.759652
0.588915
0.605182
0.1083
0.332715
0.364831
0.470383
0.120808
0.159316
0.978222
0.825279
0.636863
0.820115
0.639188
0.434607
0.699683
0.964748
0.214487
0.453364
0.649828
0.710568
0.054878
0.704664
0.745774
0.304599
0.794565
0.484832
0.785673
0.011227
0.136624
0.581945
0.599215
0.350859
0.378472
0.672197
0.20145
0.18745
0.201866
0.097892
0.837571
0.820733
0.277335
0.303778
0.782071
0.976991
0.373397
0.158215
0.535294
0.846724
0.514035
0.021217
0.66797
0.304111
0.460854
0.57103
0.612267
0.384155
0.143652
0.081425
0.584893
0.75283
0.274926
0.019603
0.315726
0.149448
0.840221
0.564823
0.428289
0.526344
0.383184
0.348437
0.895398
0.464417
0.630986
0.231725
0.866853
0.12561
0.915874
0.107158
0.02074
0.407994
0.055679
0.274342
0.961464
0.504587
0.296806
0.97356
0.428804
0.909366
0.379446
0.153688
0.369726
0.62655
0.703067
0.140098
0.899476
0.897802
0.057128
0.423051
0.32912
0.277892
0.3302
0.6317
0.307774
0.656612
0.82786
0.320933
0.248268
0.813382
0.714299
0.844413
0.648292
0.751416
0.741298
0.109106
0.929633
0.193713
0.430475
0.999181
0.207256
0.699249
0.847333
0.196335
0.175757
0.788571
0.759034
0.868723
0.245646
0.381312
0.426637
0.924028
0.6007
0.45117
0.367151
0.547693
0.107349
0.18525
0.194923
0.447852
0.260718
0.15974
0.595437
0.657679
0.172242
0.536271
0.309261
0.001553
0.564906
0.195646
0.069825
0.978821
0.038766
0.855906
0.437283
0.756254
0.686261
0.606954
0.191026
0.553578
0.055009
0.433155
0.912298
0.758165
0.89122
0.707576
0.908405
0.778494
0.603038
0.919012
0.233067
0.748691
0.548226
0.300534
0.082345
0.092112
0.998731
0.64168
0.898494
0.450913
0.047392
0.84387
0.387791
0.436304
0.077647
0.02602
0.396213
0.475453
0.272221
0.911978
0.988265
0.848569
0.264094
0.298493
0.782698
0.281182
0.329869
0.695903
0.502642
0.616401
0.634653
0.368397
0.246146
0.691528
0.45341
0.672751
0.302051
0.079973
0.551845
0.707315
0.190232
0.992814
0.093109
0.850602
0.293504
0.438853
0.393947
0.344739
0.505712
0.047702
0.908019
0.641971
0.426527
0.293652
0.444517
0.964781
0.578304
0.17945
0.57007
0.605206
0.910677
0.79108
0.137573
0.165903
0.705886
0.61869
0.038214
0.785522
0.172392
0.320764
0.28329
0.358902
0.83587
0.919584
0.423152
0.735405
0.277383
0.968009
0.26966
0.657903
0.528216
0.709817
0.056017
0.929752
0.567986
0.381583
0.133699
0.288004
0.053873
0.328874
0.106906
0.970413
0.320873
0.826616
0.819919
0.36148
0.090697
0.046634
0.696054
0.640429
0.952207
0.59501
0.543863
0.419236
0.309743
0.638504
0.097864
0.722816
0.96336
0.906651
0.798334
0.413027
0.933511
0.508397
0.924506
0.255525
0.786562
0.466484
0.467437
0.153793
0.118683
0.552244
0.457864
0.435981
0.094595
0.099633
0.391545
0.112238
0.97729
0.896051
0.672354
0.960717
0.90047
0.375299
0.974459
0.4835
0.951505
0.718706
0.138109
0.599234
0.503685
0.216109
0.91284
0.794642
0.172493
0.978095
0.560744
0.468498
0.159404
0.245898
0.810996
0.380376
0.150026
0.015599
0.985276
0.544483
0.096655
0.840089
0.224436
0.029199
0.773565
0.780833
0.233785
0.728293
0.111179
0.585575
0.11141
0.439486
0.753438
0.705534
0.178995
0.924164
0.411334
0.212296
0.237088
0.079129
0.601207
0.600471
0.845762
0.756875
0.947802
0.968999
0.331803
0.796248
0.128916
0.330215
0.034292
0.431845
0.904972
0.761469
0.014904
0.39477
0.693317
0.479485
0.013116
0.273696
0.003248
0.282197
0.654511
0.928992
0.045271
0.364262
0.181167
0.431654
0.556406
0.801729
0.369212
0.531674
0.332097
0.880102
0.988929
0.051843
0.163767
0.021052
0.486162
0.676441
0.928721
0.874566
0.651607
0.921469
0.44426
0.974677
0.029656
0.16943
0.610713
0.016229
0.284032
0.23318
0.998713
0.421073
0.122018
0.870773
0.198996
0.035017
0.463041
0.301885
0.963545
0.207633
0.376365
0.312291
0.251795
0.444149
0.673624
0.497889
0.073745
0.704499
0.907984
0.113297
0.306985
0.957695
0.811489
0.203123
0.212031
0.250205
0.703319
0.09895
0.358976
0.830228
0.564472
0.148365
0.903928
0.65901
0.150196
0.233656
0.130885
0.423272
0.497596
0.215066
0.157698
0.08153
0.541139
0.621334
0.186452
0.983554
0.918695
0.868669
0.386644
0.210523
0.146308
0.781491
0.359453
0.328708
0.303009
0.41862
0.403613
0.498346
0.779407
0.389184
0.643647
0.72043
0.795866
0.197154
0.380017
0.129516
0.738164
0.155713
0.002917
0.792888
0.018646
0.534255
0.602294
0.629827
0.809298
0.050342
0.86063
0.882837
0.30271
0.976055
0.191311
0.325357
0.874533
0.096412
0.274709
0.269609
0.728257
0.902922
0.586874
0.313383
0.538348
0.56701
0.739818
0.010711
0.724367
0.605452
0.230004
0.504427
0.084467
0.872485
0.025281
0.202183
0.063412
0.513906
0.732697
0.791987
0.114926
0.232102
0.385874
0.952955
0.067121
0.812563
0.862429
0.701874
0.92132
0.828888
0.339561
0.21732
0.271438
0.089638
0.919358
0.029548
0.553463
0.431754
0.25811
0.054278
0.577497
0.631368
0.875343
0.761377
0.635623
0.96846
0.601417
0.4897
0.046787
0.41549
0.397804
0.453655
0.857693
0.438408
0.719922
0.566914
0.940552
0.215129
0.688748
0.085622
0.589578
0.587945
0.069516
0.633115
0.945142
0.545577
0.728573
0.836218
0.794235
0.145301
0.552128
0.765119
0.273946
0.485085
0.621007
0.755035
0.260487
0.717108
0.459331
0.785189
0.040006
0.492039
0.24123
0.196095
0.31781
0.375093
0.912263
0.972546
0.66707
0.708109
0.467824
0.136164
0.818896
0.198638
0.246626
0.820472
0.422811
0.640363
0.509878
0.066816
0.177618
0.73299
0.844787
0.603252
0.985603
0.56761
0.151612
0.408177
0.314718
0.80377
0.06661
0.10433
0.193515
0.779533
0.432752
0.75884
0.482901
0.750707
0.409453
0.855624
0.944383
0.125141
0.580603
0.815931
0.002212
0.317245
0.431293
0.775003
0.543746
0.695471
0.045664
0.279303
0.403853
0.926534
0.70728
0.379654
0.67405
0.06086
0.198177
0.039403
0.525036
0.389022
0.592562
0.506906
0.983942
0.355617
0.838081
0.428471
0.911577
0.373041
0.700378
0.480959
0.993634
0.705315
0.646328
0.299377
0.396888
0.977567
0.599968
0.252887
0.983231
0.051946
0.972657
0.527491
0.359353
0.405512
0.792387
0.811336
0.231584
0.09019
0.897576
0.352818
0.922277
0.667142
0.285356
0.670898
0.112843
0.351794
0.437116
0.133132
0.53998
0.438053
0.061825
0.646468
0.249285
0.234256
0.51691
0.319926
0.648893
0.18044
0.370405
0.24607
0.976418
0.841403
0.601745
0.638412
0.050276
0.849813
0.362852
0.348919
0.266637
0.777439
0.526446
0.844344
0.79559
0.545134
0.97564
0.08406
0.337367
0.395719
0.116892
0.678302
0.910593
0.416847
0.184237
0.186965
0.013523
0.738273
0.097265
0.123461
0.571657
0.419389
0.921663
0.507801
0.794183
0.114531
0.052797
0.41946
0.138606
0.48489
0.839735
0.273428
0.646411
0.580516
0.152369
0.764687
0.202246
0.025772
0.331951
0.886785
0.736407
0.84708
0.129078
0.813091
0.377758
0.846828
0.332014
0.866582
0.644368
0.50371
0.203529
0.583908
0.374818
0.949106
0.568777
0.392283
0.050435
0.206629
0.295947
0.26202
0.518439
0.459567
0.020769
0.988517
0.023756
0.679476
0.788308
0.222995
0.94123
0.920855
0.327471
0.88128
0.774635
0.849166
0.793431
0.943347
0.238428
0.183301
0.798103
0.624613
0.738177
0.748549
0.210315
0.274885
0.13648
0.559391
0.866015
0.783472
0.376141
0.552582
0.223781
0.090418
0.007685
0.312971
0.30661
0.002634
0.553423
0.277999
0.701553
0.114709
0.961248
0.478016
0.365635
0.567662
0.237382
0.728997
0.347096
0.609775
0.636011
0.104401
0.984665
0.575825
0.653943
0.722616
0.567368
0.819108
0.970186
0.597283
0.448015
0.717003
0.094322
0.677563
0.794604
0.546872
0.257677
0.264986
0.921957
0.266278
0.65915
0.87667
0.568395
0.14136
0.393588
0.319147
0.775503
0.532696
0.660888
0.574162
0.954623
0.990942
0.160075
0.777096
0.98707
0.32335
0.503008
0.071151
0.728598
0.401195
0.403398
0.696491
0.889248
0.626436
0.776602
0.905925
0.74368
0.792682
0.88698
0.482677
0.455374
0.926262
0.405836
0.696867
0.510317
0.372207
0.077802
0.825822
0.811952
0.287254
0.595465
0.406424
0.88235
0.98585
0.09846
0.231111
0.754121
0.344895
0.278534
0.041985
0.129687
0.673838
0.127209
0.021358
0.171744
0.024751
0.403332
0.800422
0.058463
0.955181
0.621677
0.433882
0.59619
0.662903
0.101251
0.927961
0.838614
0.926625
0.291234
0.221389
0.503224
0.780491
0.350189
0.072524
0.005238
0.483748
0.616324
0.497148
0.169836
0.303369
0.037778
0.904506
0.452659
0.682549
0.024216
0.836217
0.264805
0.123303
0.819714
0.213992
0.078651
0.022032
0.181097
0.794333
0.011642
0.191683
0.706136
0.176228
0.676451
0.980747
0.668148
0.418849
0.307017
0.180247
0.310919
0.408471
0.632245
0.483572
0.689735
0.458203
0.513399
0.351844
0.667117
0.609685
0.806723
0.593064
0.873581
0.26052
0.802068
0.913538
0.492584
0.177973
0.698645
0.793451
0.535544
0.086999
0.38459
0.824273
0.172415
0.196435
0.374257
0.039993
0.72522
0.625768
0.739404
0.904775
0.894049
0.722985
0.322894
0.27037
0.096656
0.28773
0.664893
0.30299
0.123698
0.223941
0.128661
0.9838
0.357212
0.554188
0.274241
0.978457
0.25126
0.604275
0.437509
0.578517
0.063291
0.590744
0.007147
0.075277
0.912792
0.566436
0.178417
0.520014
0.24109
0.444377
0.457715
0.354136
0.262968
0.817155
0.013012
0.651347
0.308163
0.197378
0.197411
0.707809
0.741644
0.13773
0.580173
0.735007
0.158892
0.290478
0.338752
0.108015
0.393076
0.006924
0.928654
0.094886
0.081095
0.67148
0.500335
0.226059
0.810816
0.290875
0.779178
0.634358
0.562108
0.7231
0.307182
0.114593
0.023643
0.141883
0.082768
0.118295
0.488245
0.387466
0.265561
0.471322
0.547119
0.009426
0.621227
0.323608
0.965783
0.320808
0.086983
0.855849
0.555937
0.684539
0.453308
0.868227
0.546277
0.830283
0.403339
0.058529
0.971461
0.269092
0.721396
0.658156
0.170139
0.807746
0.18183
0.831782
0.702946
0.523345
0.782222
0.441755
0.758121
0.418208
0.305608
0.519387
0.07497
0.057453
0.039669
0.299392
0.010217
0.624648
0.215121
0.139309
0.191814
0.871444
0.767327
0.950045
0.704247
0.777832
0.729651
0.977923
0.51139
0.606157
0.958715
0.563646
0.366324
0.972519
0.083362
6.8e-5
0.061726
0.969214
0.806766
0.884163
0.407614
0.964552
0.183764
0.792325
0.554225
0.080836
0.776443
0.205884
0.21979
0.649261
0.965265
0.866352
0.312575
0.520378
0.073354
0.20654
0.342693
0.555016
0.247243
0.081744
0.382856
0.741624
0.581032
0.145027
0.764763
0.495785
0.243234
0.574413
0.942903
0.462628
0.920117
0.168424
0.427344
0.258462
0.843193
0.834591
0.84537
0.005822
0.147747
0.504613
0.129159
0.668961
0.091787
0.623659
0.227053
0.896239
0.184035
0.943914
0.899728
0.758896
0.429107
0.055173
0.12837
0.480993
0.177456
0.743584
0.728583
0.379941
0.101129
0.810108
0.762077
0.741601
0.581294
0.539288
0.637057
0.442592
0.793105
0.837305
0.094006
0.288789
0.877461
0.301271
0.935833
0.226821
0.150146
0.084962
0.1348
0.409424
0.664859
0.91402
0.194334
0.652794
0.864201
0.873246
0.859881
0.560562
0.373366
0.024997
0.349158
0.317806
0.446733
0.316739
0.307011
0.844983
0.537625
0.342587
0.303927
0.738934
0.297116
0.347059
0.990291
0.62782
0.428702
0.748844
0.85022
0.537148
0.10077
0.855443
0.237164
0.998758
0.777004
0.213981
0.739474
0.804499
0.622358
0.21034
0.8135
0.52568
0.127312
0.551659
0.88026
0.06005
0.437786
0.551158
0.805046
0.663055
0.194015
0.537166
0.164363
0.005388
0.359704
0.856322
0.88213
0.57553
0.69591
0.497257
0.682288
0.307212
0.207919
0.733214
0.627665
0.858761
0.16372
0.586116
0.71393
0.673201
0.410821
0.353108
0.762401
0.580776
0.688723
0.549319
0.506968
0.572848
0.936869
0.472079
0.814952
0.069535
0.230615
0.339142
0.177985
0.939429
0.234944
0.252135
0.952647
0.060475
0.25354
0.760233
0.833874
0.835667
0.849544
0.172478
0.203943
0.071008
0.046033
0.472197
0.002685
0.432907
0.223682
0.799389
0.06029
0.589155
0.290437
0.119254
0.187046
0.47996
0.721575
0.567768
0.409489
0.829043
0.112427
0.374715
0.759778
0.725307
0.582328
0.786629
0.211309
0.487313
0.837554
0.922654
0.653726
0.848545
0.155497
0.829503
0.510659
0.712893
0.745948
0.814412
0.987966
0.225932
0.598004
0.152779
0.45876
0.949791
0.207881
0.766727
0.765688
0.427553
0.77781
0.677501
0.348906
0.309501
0.541428
0.675692
0.238296
0.648603
0.231336
0.087857
0.132288
0.203464
0.367272
0.874319
0.107165
0.864902
0.846219
0.285955
0.746295
0.455614
0.721518
0.05501
0.800782
0.532357
0.573137
0.786037
0.843611
0.26243
0.494127
0.636131
0.688082
0.422983
0.948292
0.85156
0.579873
0.907386
0.67341
0.650299
0.18153
0.86165
0.623958
0.968834
0.991891
0.494744
0.663776
0.922185
0.674395
0.290851
0.608871
0.633293
0.676073
0.540025
0.246212
0.665018
0.488314
0.734447
0.42814
0.861231
0.518525
0.169453
0.708927
0.294129
0.174385
0.140094
0.33742
0.777807
0.361918
0.019477
0.299055
0.743711
0.70144
0.295878
0.838222
0.217917
0.705218
0.656076
0.240357
0.242396
0.489516
0.443758
0.564664
0.046329
0.686509
0.74001
0.332623
0.235647
0.745783
0.945014
0.81551
0.988709
0.28121
0.043706
0.907293
0.577445
0.233277
0.372169
0.744571
0.339355
0.057368
0.938793
0.962365
0.128377
0.89363
0.549086
0.260954
0.242613
0.086741
0.503725
0.39774
0.936537
0.402321
0.00301
0.425056
0.771542
0.790713
0.595683
0.647114
0.195286
0.012963
0.480826
0.054088
0.915635
0.63258
0.189856
0.458996
0.627648
0.662283
0.983341
0.509868
0.455478
0.83756
0.413133
0.442597
0.622094
0.563456
0.803897
0.986783
0.580294
0.388631
0.867667
0.850125
0.325286
0.186346
0.419855
0.397308
0.061163
0.70312
0.730348
0.791423
0.492623
0.703187
0.71063
0.505673
0.349854
0.114359
0.855619
0.269009
0.083987
0.470193
0.837487
0.278024
0.025719
0.554868
0.275079
0.976353
0.577076
0.736653
0.481955
0.823601
0.737831
0.652676
0.104143
0.506162
0.140092
0.712028
0.866721
0.405573
0.668573
0.295393
0.163469
0.820342
0.329266
0.054023
0.41666
0.554292
0.922397
0.864032
0.243196
0.782699
0.933142
0.212467
0.294251
0.196122
0.414657
0.957596
0.245582
0.340915
0.972266
0.944184
0.936753
0.552007
0.202365
0.571619
0.864241
0.221622
0.177286
0.728192
0.891537
0.472289
0.392557
0.40793
0.008716
0.576252
0.117351
0.054023
0.735344
0.689914
0.468042
0.131084
0.333595
0.306767
0.435402
0.641463
0.67718
0.172265
0.355527
0.57785
0.286259
0.548736
0.298899
0.961602
0.23772
0.764003
0.996285
0.394139
0.474494
0.758665
0.537075
0.008992
0.97664
0.589453
0.676417
0.570215
0.439681
0.216992
0.9487
0.713042
0.04567
0.08579
0.740394
0.003087
0.663318
0.79939
0.937337
0.430971
0.124126
0.986412
0.85889
0.925033
0.371411
0.234535
0.113086
0.006961
0.308034
0.519136
0.039781
0.478877
0.002041
0.810145
0.21692
0.534074
0.155801
0.607513
0.398344
0.593056
0.748267
0.7033
0.386123
0.817675
0.948953
0.674701
0.899326
0.644632
0.268309
0.209063
0.549896
0.411585
0.036265
0.08157
0.143963
0.711774
0.196989
0.216618
0.905999
0.906035
0.86198
0.153167
0.4375
0.032072
0.108238
0.783382
0.341298
0.337665
0.542837
0.058426
0.167394
0.439387
0.456934
0.836928
0.173569
0.300214
0.628746
0.160806
0.222697
0.956136
0.046771
0.467469
0.097668
0.41393
0.835743
0.75423
0.79239
0.681855
0.003111
0.953585
0.64932
0.290568
0.607511
0.458862
0.86471
0.512856
0.637612
0.394405
0.643133
0.577533
0.04788
0.723689
0.893073
0.566965
0.570307
0.998316
0.819206
0.844076
0.178288
0.019277
0.200362
0.881847
0.906133
0.582543
0.439083
0.279312
0.030374
0.434013
0.601023
0.898609
0.644637
0.647324
0.717607
0.865348
0.593566
0.691568
0.497946
0.351035
0.10171
0.665283
0.896048
0.601007
0.316939
0.804656
0.183906
0.749297
0.038007
0.989974
0.685749
0.351647
0.833098
0.754582
0.870488
0.185175
0.98849
0.39047
0.469552
0.493576
0.047212
0.170434
0.574712
0.450225
0.699045
0.830891
0.735893
0.67569
0.79582
0.32194
0.125206
0.341762
0.0411
0.643706
0.462949
0.438261
0.627634
0.908251
0.91818
0.490204
0.478674
0.651372
0.431654
0.250014
0.686739
0.202469
0.372569
0.329453
0.652257
0.404863
0.071796
0.044648
0.620918
0.997448
0.655322
0.498871
0.68639
0.187866
0.815098
0.439781
0.274257
0.563387
0.929579
0.40519
0.369116
0.522272
0.541689
0.84765
0.135913
0.914106
0.209559
0.246057
0.667896
0.573301
0.834373
0.194414
0.290464
0.698729
0.891773
0.49049
0.165019
0.930233
0.768712
0.905392
0.755825
0.617965
0.995197
0.276073
0.796193
0.149906
0.873985
0.10614
0.140151
0.244978
0.912656
0.855908
0.777525
0.877872
0.639766
0.945032
0.158285
0.664693
0.633024
0.994541
0.468945
0.243854
0.864311
0.735593
0.317184
0.175488
0.552425
0.129064
0.346466
0.931991
0.944217
0.004729
0.176465
0.839626
0.182693
0.328614
0.099229
0.801089
0.084847
0.286695
0.161739
0.879999
0.878312
0.883628
0.156025
0.388187
0.979998
0.089688
0.410989
0.592554
0.188231
0.984841
0.089425
0.551741
0.443595
0.488395
0.466796
0.822543
0.505915
0.853551
0.406092
0.428001
0.741223
0.22633
0.68125
0.6108
0.319591
0.519963
0.148665
0.137576
0.991553
0.917729
0.496758
0.259664
0.194084
0.446168
0.412271
0.083529
0.235919
0.884665
0.042087
0.098514
0.550476
0.464499
0.554611
0.834342
0.484439
0.177799
0.613494
0.772647
0.753323
0.825542
0.076454
0.851094
0.793541
0.375727
0.198103
0.283001
0.846163
0.049146
0.981971
0.510929
0.635836
0.263523
0.462186
0.792424
0.712614
0.917431
0.218804
0.969542
0.217357
0.381376
0.801832
0.900757
0.316742
0.490095
0.409023
0.668637
0.496222
0.22515
0.662052
0.078044
0.460057
0.37309
0.383994
0.731476
0.687399
0.768076
0.131879
0.861023
0.963464
0.394707
0.309731
0.871524
0.105387
0.666159
0.742953
0.6829
0.935058
0.073472
0.797932
0.65293
0.182753
0.805172
0.840359
0.702628
0.14029
0.382096
0.495035
0.586098
0.472792
0.566043
0.409307
0.396289
0.08067
0.067982
0.232419
0.926779
0.673571
0.179382
0.685715
0.917646
0.526987
0.275668
0.315116
0.664452
0.548745
0.910928
0.329454
0.565324
0.068613
0.83316
0.677796
0.66964
0.030636
0.544164
0.711687
0.728903
0.491964
0.178422
0.596349
0.358807
0.372075
0.140238
0.162488
0.970705
0.212528
0.493785
0.034135
0.367902
0.704601
0.552775
0.325085
0.288636
0.835349
0.549203
0.501718
0.331623
0.614235
0.989609
0.626062
0.049711
0.275689
0.836712
0.640101
0.827249
0.382415
0.129861
0.788371
0.62384
0.130583
0.459096
0.507742
0.198571
0.015555
0.398199
0.753287
0.343014
0.778116
0.984085
0.264739
0.681763
0.890495
0.789485
0.615097
0.03805
0.347511
0.877836
0.296968
0.075624
0.952818
0.075242
0.23754
0.276949
0.07435
0.146309
0.414648
0.571989
0.013305
0.129527
0.073621
0.024336
0.351755
0.443722
0.451223
0.626779
0.58816
0.50316
0.532009
0.196482
0.851988
0.582191
0.661448
0.694436
0.44129
0.398848
0.187778
0.21999
0.509605
0.208022
0.493526
0.365718
0.502929
0.50607
0.0316
0.812447
0.349524
0.680874
0.305924
0.289199
0.987661
0.797839
0.112333
0.429763
0.173234
0.225542
0.242468
0.187306
0.920086
0.183044
0.212173
0.348825
0.614257
0.321664
0.060887
0.084935
0.286382
0.883837
0.350045
0.930722
0.270236
0.326582
0.612764
0.813876
0.760569
0.912515
0.553091
0.717049
0.800392
0.734001
0.691974
0.181799
0.152289
0.74503
0.329703
0.195904
0.21976
0.925092
0.28064
0.59869
0.420273
0.873981
0.196997
0.649066
0.375474
0.427151
0.487557
0.574661
0.687042
0.145846
0.2428
0.461295
0.091654
0.086568
0.274428
0.341273
0.458757
0.455415
0.947019
0.072828
0.546978
0.541631
0.963482
0.975086
0.596854
0.977353
0.299428
0.094095
0.604176
0.808549
0.279505
0.387575
0.278
0.395927
0.568502
0.149614
0.026935
0.205482
0.194531
0.750241
0.365302
0.994803
0.492519
0.046842
0.679255
0.582876
0.181632
0.397486
0.281329
0.004928
0.551406
0.954395
0.884837
0.242744
0.07439
0.457816
0.681444
0.424948
0.505099
0.423088
0.674084
0.221179
0.718681
0.223664
0.924276
0.969493
0.030094
0.319445
0.977413
0.850489
0.619795
0.596894
0.160557
0.669566
0.318123
0.185903
0.677665
0.096809
0.244097
0.355899
0.35236
0.087383
0.260407
0.976218
0.633265
0.976024
0.891224
0.081657
0.637888
0.18957
0.379142
0.440201
0.721016
0.991877
0.641867
0.534738
0.063545
0.040785
0.329638
0.649713
0.195742
0.306194
0.587774
0.152023
0.154784
0.989919
0.798586
0.639865
0.325714
0.276249
0.86491
0.354547
0.35828
0.090893
0.440205
0.623835
0.057198
0.530271
0.432416
0.411532
0.139909
0.195004
0.281006
0.045629
0.26572
0.332319
0.432668
0.295859
0.291558
0.519775
0.231201
0.585143
0.285033
0.193085
0.585419
0.501428
0.369771
0.005888
0.024752
0.136294
0.429293
0.231677
0.036511
0.437953
0.349603
0.212145
0.631177
0.5649
0.93079
0.964719
0.036583
0.744043
0.249583
0.988047
0.218175
0.064738
0.753503
0.43666
0.810823
0.306694
0.617989
0.850532
0.134419
0.055015
0.759021
0.141363
0.01089
0.203177
0.980932
0.551679
0.831301
0.314633
0.157261
0.942035
0.230282
0.569951
0.292544
0.383244
0.188067
0.65382
0.163333
0.497872
0.312355
0.154314
0.425239
0.447973
0.5099
0.408002
0.714763
0.423948
0.903531
0.927436
0.246352
0.489434
0.229041
0.46365
0.486216
0.594733
0.865382
0.061299
0.207499
0.228422
0.008418
0.847124
0.679201
0.55868
0.211431
0.284714
0.977744
0.168868
0.608991
0.450908
0.208856
0.534292
0.288332
0.675066
0.062313
0.313353
0.385249
0.775162
0.5388
0.936217
0.193681
0.654569
0.871736
0.242646
0.518234
0.457574
0.282833
0.079531
0.08244
0.916472
0.579209
0.052817
0.526941
0.980684
0.49123
0.271875
0.595513
0.916624
0.916437
0.406199
0.65454
0.465578
0.113787
0.60006
0.595635
0.947623
0.429398
0.142045
0.948994
0.500469
0.666291
0.849243
0.097133
0.004883
0.739294
0.669367
0.408466
0.440872
0.691876
0.450684
0.880875
0.598145
0.809944
0.827492
0.694217
0.78186
0.74965
0.432022
0.124617
0.693183
0.990097
0.375885
0.886574
0.463326
0.829656
0.391604
0.583736
0.866403
0.354447
0.288011
0.895591
0.923496
0.990028
0.301338
0.975584
0.230734
0.855764
0.843903
0.145142
0.656493
0.37979
0.638923
0.725472
0.935001
0.449709
0.115725
0.02066
0.606564
0.370813
0.396809
0.313966
0.077027
0.97025
0.562577
0.72557
0.069784
0.614318
0.876513
0.922066
0.258122
0.489441
0.101315
0.07558
0.974453
0.002104
0.110875
0.89623
0.260672
0.174665
0.200805
0.875099
0.004799
0.747663
0.291688
0.616895
0.951115
0.057879
0.956764
0.271978
0.959241
0.801088
0.200751
0.220821
0.592525
0.54617
0.161767
0.587554
0.410705
0.757737
0.730244
0.585555
0.902508
0.551704
0.892023
0.21291
0.775435
0.393563
0.085065
0.670254
0.44031
0.847226
0.955972
0.98637
0.703098
0.27779
0.160928
0.137738
0.288784
0.464971
0.063806
0.503385
0.91059
0.408616
0.907184
0.758856
0.382918
0.719978
0.899732
0.914057
0.631132
0.554992
0.770846
0.890965
0.286997
0.515823
0.358141
0.108193
0.51622
0.921617
0.969736
0.967782
0.675956
0.003125
0.042686
0.033458
0.330528
0.679721
0.089858
0.960789
0.340581
0.854644
0.284481
0.540025
0.019329
0.687884
0.866552
0.364645
0.461153
0.222027
0.041631
0.623192
0.149928
0.632332
0.80521
0.470694
0.598292
0.162848
0.821225
0.77346
0.909569
0.26059
0.123594
0.715034
0.128831
0.926741
0.213269
0.388544
0.396075
0.285825
0.20053
0.749097
0.63779
0.867602
0.345274
0.400716
0.384796
0.90172
0.361129
0.334864
0.951871
0.781513
0.878302
0.900698
0.354509
0.329389
0.610493
0.293255
0.982482
0.450227
0.560656
0.608875
0.451322
0.778006
0.404461
0.823096
0.875233
0.785152
0.417119
0.580697
0.463072
0.523993
0.946062
0.853732
0.855373
0.991837
0.365796
0.697972
0.82395
0.418573
0.287694
0.670728
0.71848
0.372999
0.65157
0.401126
0.821572
0.211558
0.542963
0.93494
0.756827
0.51112
0.714942
0.756617
0.539818
0.920421
0.235476
0.798225
0.952111
0.922675
0.054367
0.050448
0.1034
0.856543
0.769895
0.023672
0.96769
0.065767
0.293309
0.764399
0.024407
0.580997
0.138838
0.085024
0.180809
0.592099
0.133817
0.90119
0.864776
0.085588
0.807609
0.857782
0.756563
0.882912
0.192831
0.850031
0.815677
0.457329
0.117137
0.163195
0.87704
0.782856
0.716819
0.124391
0.719685
0.595342
0.983402
0.269299
0.225509
0.38726
0.144049
0.960624
0.809277
0.468372
0.88292
0.194441
0.479671
0.475564
0.702975
0.105022
0.172934
0.939188
0.084307
0.35903
0.97271
0.352175
0.192566
0.032887
0.217114
0.109423
0.601775
0.615586
0.734086
0.52856
0.785337
0.083453
0.303697
0.873544
0.653873
0.379267
0.907397
0.317061
0.838976
0.101881
0.326347
0.192963
0.186983
0.406274
0.699839
0.756853
0.486339
0.684906
0.379434
0.871072
0.275916
0.743543
0.079176
0.853799
0.04595
0.774217
0.519507
0.118036
0.460189
0.768577
0.475497
0.031012
0.820363
0.136737
0.283114
0.288911
0.056586
0.152394
0.782866
0.165837
0.450442
0.683353
0.991633
0.152277
0.959455
0.247267
0.356477
0.724918
0.269057
0.727743
0.607484
0.668651
0.321701
0.714448
0.492
0.693344
0.009911
0.957665
0.616664
0.178929
0.77202
0.865597
0.874291
0.426728
0.383304
0.930247
0.765891
0.880216
0.513651
0.715047
0.167518
0.649172
0.417147
0.005617
0.580676
0.780078
0.002835
0.472324
0.674869
0.673725
0.804682
0.904598
0.503001
0.486615
0.014484
0.941731
0.826581
0.219745
0.527492
0.63485
0.841349
0.222163
0.590373
0.247867
0.589278
0.514308
0.789412
0.148103
0.445486
0.652769
0.223542
0.122802
0.216402
0.572518
0.36384
0.840035
0.050053
0.535208
0.154628
0.629344
0.639012
0.17541
0.500359
0.885122
0.0877
0.661206
0.779357
0.218979
0.462587
0.336686
0.512007
0.784089
0.503229
0.266195
0.58842
0.920121
0.170811
0.171014
0.884641
0.923507
0.97162
0.456084
0.510538
0.054827
0.709861
0.628185
0.970737
0.408485
0.090695
0.76678
0.638094
0.664681
0.858495
0.807064
0.63378
0.145264
0.336448
0.627987
0.331558
0.667276
0.956618
0.832746
0.120219
0.344283
0.061505
0.620229
0.170657
0.914523
0.524582
0.355554
0.837492
0.170876
0.404092
0.138719
0.169322
0.99597
0.936818
0.118041
0.170176
0.024886
0.319278
0.346407
0.811909
0.5819
0.396153
0.923122
0.623442
0.626067
0.658596
0.900132
0.112892
0.256489
0.870888
0.770178
0.950419
0.89081
0.888751
0.454729
0.352834
0.239847
0.131313
0.610623
0.431105
0.643255
0.793222
0.616754
0.365977
0.461334
0.627543
0.003559
0.166173
0.430508
0.656964
0.301807
0.89889
0.383003
0.869512
0.830348
0.328169
0.594706
0.249784
0.451652
0.132348
0.163281
0.088463
0.692511
0.811345
0.338245
0.374934
0.547437
0.927518
0.46793
0.853198
0.455203
0.356316
0.621168
0.066912
0.459357
0.429578
0.483763
0.357961
0.129905
0.368888
0.543415
0.672738
0.981629
0.637167
0.763255
0.071629
0.602169
0.515567
0.592231
0.426352
0.836714
0.70022
0.01394
0.930334
0.844452
0.434965
0.622457
0.551313
0.746766
0.181344
0.369082
0.841409
0.867821
0.044922
0.22205
0.669651
0.794901
0.539737
0.681927
0.375026
0.693465
0.731476
0.688293
0.268397
0.556111
0.744376
0.792691
0.237029
0.465574
0.597844
0.495709
0.60447
0.218675
0.402696
0.972921
0.506117
0.735479
0.970621
0.978456
0.916335
0.17282
0.89695
0.078582
0.92722
0.579462
0.569002
0.389724
0.761635
0.767141
0.499965
0.07017
0.561903
0.8057
0.180505
0.295071
0.419002
0.14901
0.200827
0.442329
0.951888
0.336718
0.390894
0.649137
0.832201
0.567909
0.386717
0.891523
0.828191
0.545969
0.525059
0.246954
0.017999
0.356077
0.551953
0.510227
0.672004
0.827016
0.673632
0.287605
0.145729
0.241736
0.436635
0.164258
0.30889
0.939968
0.21881
0.380128
0.203399
0.340981
0.269301
0.788927
0.123725
0.155853
0.465613
0.758758
0.052144
0.483185
0.247614
0.67437
0.035244
0.862192
0.80387
0.149454
0.163548
0.412517
0.405565
0.854803
0.754789
0.241264
0.353541
0.927137
0.461984
0.44881
0.360818
0.347098
0.203782
0.523231
0.309669
0.114525
0.664462
0.44318
0.94494
0.227832
0.364807
0.278363
0.253361
0.86624
0.375984
0.481416
0.724029
0.950251
0.920051
0.110252
0.680376
0.214029
0.020415
0.644594
0.048908
0.759679
0.014927
0.953682
0.043633
0.409157
0.720124
0.890384
0.513548
0.169808
0.947159
0.040047
0.767187
0.585714
0.816961
0.495439
0.521072
0.876101
0.584655
0.866293
0.249695
0.69137
0.255158
0.64063
0.252624
0.097769
0.058148
0.524739
0.368216
0.291393
0.325314
0.783021
0.555249
0.224053
0.199419
0.939886
0.029209
0.508725
0.010418
0.090335
0.784164
0.014863
0.547466
0.968844
0.178548
0.785677
0.111124
0.031806
0.995598
0.258529
0.231247
0.970405
0.098625
0.400173
0.670454
0.753899
0.066022
0.902205
0.423203
0.102261
0.2762
0.245287
0.287777
0.114393
0.515201
0.296122
0.40621
0.936012
0.00574
0.562884
0.729771
0.684824
0.784198
0.57011
0.299267
0.122652
0.115445
0.062657
0.469389
0.998925
0.03211
0.857984
0.520263
0.76711
0.989098
0.974806
0.505055
0.790073
0.865524
0.223287
0.0842
0.363823
0.732203
0.057047
0.186876
0.743729
0.006454
0.155446
0.141859
0.201141
0.641289
0.17039
0.431673
0.352074
0.933092
0.970616
0.127292
0.392171
0.098483
0.814114
0.424758
0.658551
0.203485
0.4631
0.160656
0.26304
0.571254
0.489919
0.553569
0.533217
0.382714
0.278052
0.550092
0.48341
0.749689
0.533193
0.938193
0.418173
0.595393
0.951998
0.357521
0.967447
0.004603
0.627061
0.648483
0.340167
0.507644
0.545047
0.567942
0.359523
0.064309
0.070622
0.229675
0.866289
0.44751
0.626425
0.200722
0.011555
0.698474
0.195486
0.060153
0.952061
0.823725
0.587685
0.715757
0.614287
0.717297
0.260025
0.155322
0.632867
0.918728
0.922729
0.883832
0.374114
0.865832
0.08951
0.623736
0.701125
0.317868
0.891363
0.018826
0.27389
0.615834
0.443768
0.921211
0.074945
0.537359
0.702499
0.241354
0.378344
0.123392
0.788617
0.347642
0.555395
0.106025
0.329315
0.408936
0.744609
0.041199
0.733675
0.175195
0.872862
0.345993
0.726929
0.501345
0.122944
0.504418
0.238643
0.526252
0.973188
0.103959
0.751066
0.85085
0.843159
0.138514
0.835953
0.930965
0.460451
0.5068
0.951521
0.10481
0.697825
0.283905
0.41709
0.673489
0.940511
0.543801
0.29833
0.012625
0.774007
0.025693
0.156568
0.22318
0.292536
0.738083
0.320586
0.794438
0.55839
0.668628
0.193572
0.372229
0.628621
0.512612
0.954308
0.758532
0.308706
0.95445
0.488079
0.434528
0.382443
0.15626
0.937028
0.559728
0.358309
0.820302
0.691061
0.576725
0.571491
0.453177
0.432138
0.015988
0.033399
0.230096
0.900176
0.186525
0.642846
0.690438
0.267129
0.541561
0.784937
0.056687
0.187846
0.054102
0.718538
0.433148
0.36874
0.94468
0.585539
0.870933
0.663785
0.600317
0.862336
0.420739
0.676725
0.217
0.721117
0.853947
0.840363
0.46996
0.033526
0.566053
0.532191
0.517959
0.632064
0.022845
0.615249
0.428285
0.319998
0.771312
0.381582
0.244347
0.880157
0.61639
0.278811
0.515843
0.841916
0.661094
0.28007
0.972576
0.393794
0.038072
0.505182
0.01489
0.732912
0.209748
0.912423
0.843308
0.185643
0.040185
0.912784
0.794304
0.331809
0.121065
0.101627
0.228711
0.668162
0.226926
0.284407
0.912332
0.257864
0.567071
0.824857
0.190001
0.283376
0.474686
0.128596
0.635338
0.049401
0.897053
0.551587
0.283647
0.548656
0.306279
0.646673
0.433264
0.874917
0.393783
0.22091
0.267196
0.950763
0.589053
0.617801
0.797082
0.644212
0.318331
0.065172
0.693321
0.639099
0.218671
0.711301
0.971702
0.013378
0.343892
0.83824
0.12423
0.680641
0.721196
0.183943
0.706425
0.748495
0.474193
0.820414
0.414797
0.55939
0.729023
0.393292
0.144779
0.651431
0.335448
0.696183
0.204549
0.041199
0.743001
0.696572
0.595238
0.194591
0.166328
0.038198
0.283223
0.216613
0.741295
0.778103
0.434439
0.5274
0.693228
0.068693
0.218915
0.248411
0.681641
0.599745
0.991905
0.064746
0.442824
0.849091
0.697915
0.323433
0.485667
0.033796
0.654394
0.18125
0.680049
0.040949
0.748031
0.581737
0.913443
0.469015
0.382275
0.411576
0.629002
0.315602
0.110436
0.548896
0.414857
0.108632
0.691629
0.42772
0.99935
0.254819
0.321674
0.176091
0.655091
0.479452
0.982614
0.163557
0.644223
0.738231
0.813044
0.473146
0.550054
0.736669
0.107458
0.01014
0.560823
0.034178
0.452609
0.887372
0.649821
0.184517
0.148175
0.731756
0.447548
0.233501
0.693719
0.38053
0.81337
0.943903
0.241105
0.805392
0.325173
0.822857
0.655047
0.70159
0.471877
0.899422
0.120722
0.621282
0.361548
0.523768
0.816697
0.330779
0.813535
0.836063
0.290215
0.493459
0.06087
0.508481
0.462455
0.870656
0.663782
0.716792
0.102529
0.211065
0.703177
0.097683
0.421186
0.046156
0.853735
0.068646
0.393152
0.488702
0.026953
0.585538
0.878588
0.932706
0.437329
0.704261
0.825136
0.70256
0.442076
0.915417
0.255333
0.87028
0.730274
0.924585
0.156377
0.354548
0.933963
0.411114
0.159565
0.175924
0.954101
0.819537
0.836661
0.536128
0.914532
0.698643
0.627188
0.784492
0.200311
0.8352
0.46774
0.311199
0.163284
0.283447
0.628486
0.121617
0.175923
0.898848
0.725516
0.488461
0.383623
0.058834
0.307836
0.504702
0.89264
0.101624
0.114987
0.231694
0.87642
0.366132
0.213384
0.095123
0.999687
0.991978
0.968358
0.014254
0.907704
0.201518
0.276605
0.63024
0.383205
0.165901
0.383222
0.123661
0.784491
0.672502
0.028831
0.097035
0.090191
0.102575
0.939901
0.433811
0.644298
0.858431
0.617192
0.689058
0.905731
0.730985
0.130879
0.373791
0.518654
0.270684
0.138864
0.096008
0.959812
0.297453
0.851601
0.485448
0.708084
0.49052
0.616117
0.12135
0.103661
0.651469
0.18649
0.18157
0.967589
0.91759
0.761355
0.537987
0.492067
0.908115
0.835835
0.425563
0.133602
0.149631
0.220694
0.537287
0.350221
0.318462
0.380692
0.207059
0.691553
0.648192
0.269523
0.467093
0.238077
0.290473
0.840425
0.760814
0.715294
0.365276
0.563656
0.583169
0.147324
0.31623
0.144907
0.556892
0.016424
0.585597
0.997789
0.736445
0.038577
0.273252
0.697939
0.933034
0.973959
0.666352
0.554181
0.709257
0.986451
0.564876
0.16307
0.184185
0.690438
0.81004
0.790555
0.938599
0.122164
0.777175
0.09716
0.239872
0.999394
0.509099
0.246772
0.758208
0.161011
0.663673
0.078528
0.178216
0.011224
0.011686
0.373321
0.468811
0.241611
0.814394
0.896877
0.207912
0.569729
0.55678
0.497536
0.972273
0.137923
0.082787
0.855925
0.503653
0.113535
0.991454
0.186252
0.058022
0.078417
0.825712
0.097278
0.155784
0.094922
0.69673
0.368114
0.020296
0.471247
0.447629
0.421079
0.299473
0.630099
0.232385
0.900104
0.305131
0.508951
0.988795
0.514859
0.391636
0.142506
0.361129
0.813338
0.716125
0.737756
0.951015
0.859834
0.91226
0.797471
0.313049
0.46265
0.771223
0.422295
0.558818
0.922683
0.314752
0.820847
0.196727
0.468343
0.651297
0.890282
0.289858
0.013579
0.18998
0.466344
0.527094
0.272626
0.454849
0.68518
0.658136
0.236871
0.541178
0.602694
0.178801
0.815873
0.19211
0.63448
0.889136
0.128068
0.209726
0.25079
0.797337
0.430607
0.880004
0.537876
0.489392
0.286851
0.022239
0.60982
0.889764
0.559372
0.738507
0.342314
0.355085
0.058365
0.948415
0.459556
0.04738
0.396269
0.963684
0.487419
0.766675
0.744282
0.215254
0.190563
0.134079
0.698143
0.126651
0.473467
0.188245
0.029161
0.102559
0.867092
0.507022
0.675766
0.654523
0.146129
0.251103
0.194272
0.320822
0.387592
0.448411
0.834783
0.980046
0.543717
0.320066
0.301082
0.956949
0.367219
0.318615
0.785682
0.600126
0.60515
0.042201
0.057208
0.422425
0.35119
0.634298
0.061645
0.62636
0.670588
0.414336
0.124063
0.76919
0.955267
0.404267
0.478406
0.2384
0.330748
0.411813
0.015768
0.389114
0.688284
0.092779
0.47711
0.35017
0.893444
0.393768
0.857406
0.500979
0.760401
0.437699
0.88742
0.720357
0.445938
0.037083
0.826534
0.281403
0.011826
0.514123
0.479026
0.818912
0.504279
0.528067
0.416304
0.221357
0.872864
0.038652
0.854222
0.209761
0.576603
0.714346
0.615152
0.142407
0.063373
0.722568
0.453183
0.946605
0.462515
0.130317
0.725367
0.718719
0.099013
0.194907
0.594333
0.611061
0.075685
0.841758
0.479657
0.921433
0.979375
0.850806
0.232988
0.609935
0.273404
0.004403
0.504501
0.77935
0.023602
0.782565
0.148364
0.511332
0.572857
0.003889
0.434168
0.091907
0.00654
0.503497
0.836447
0.86141
0.033101
0.983067
0.494344
0.607985
0.339306
0.581921
0.873356
0.684769
0.902751
0.540935
0.635265
0.311252
0.337794
0.800434
0.696258
0.53274
0.800353
0.510118
0.680716
0.254177
0.345286
0.390185
0.265592
0.738908
0.30282
0.47359
0.476228
0.929733
0.681635
0.361119
0.39285
0.748664
0.619151
0.384155
0.678968
0.062037
0.662804
0.475268
0.475441
0.915721
0.38919
0.612103
0.773189
0.485078
0.200555
0.269643
0.742529
0.558727
0.641631
0.663503
0.837998
0.134162
0.050068
0.71156
0.944069
0.052095
0.623494
0.678898
0.442931
0.145514
0.612487
0.832125
0.846067
0.750154
0.859717
0.779188
0.430281
0.851569
0.86424
0.988798
0.456834
0.703207
0.664241
0.766336
0.737258
0.88729
0.021144
0.983874
0.178569
0.560747
0.099662
0.984831
0.355072
0.981903
0.429168
0.310793
0.752007
0.558857
0.682461
0.191508
0.352563
0.100458
0.808112
0.010692
0.311696
0.080015
0.562027
0.514879
0.675587
0.506122
0.737046
0.33855
0.443989
0.10232
0.244241
0.710107
0.192922
0.811138
0.162435
0.22335
0.974418
0.88238
0.379304
0.210586
0.737845
0.86867
0.960027
0.72969
0.187563
0.526147
0.912078
0.325829
0.86978
0.375874
0.02001
0.576516
0.006884
0.679413
0.7894
0.504692
0.725675
0.808401
0.880913
0.68196
0.54293
0.273695
0.985584
0.985183
0.725611
0.014907
0.036667
0.215661
0.823863
0.988182
0.310978
0.113273
0.986665
0.957589
0.439818
0.540866
0.485262
0.60483
0.997545
0.952839
0.050368
0.585675
0.403659
0.605867
0.931435
0.966175
0.014538
0.586985
0.478308
0.428753
0.482591
0.870691
0.170808
0.440299
0.064165
0.473843
0.82854
0.430238
0.427202
0.887967
0.966063
0.717682
0.606773
0.898084
0.210638
0.606078
0.923102
0.893189
0.605751
0.281892
0.360812
0.075418
0.262564
0.34745
0.143835
0.05708
0.741601
0.7052
0.420623
0.667975
0.550023
0.995479
0.128774
0.772707
0.394647
0.785995
0.22192
0.088704
0.788223
0.311589
0.5978
0.417906
0.455282
0.951145
0.142239
0.474458
0.894969
0.917596
0.03412
0.647566
0.845958
0.819336
0.88428
0.679928
0.640452
0.663235
0.41535
0.044021
0.568852
0.913051
0.735869
0.056903
0.797211
0.223693
0.267132
0.064532
0.399505
0.889272
0.058588
0.268642
0.554819
0.023921
0.183442
0.80537
0.749581
0.70061
0.71847
0.847862
0.881005
0.354339
0.385907
0.994215
0.071382
0.951328
0.459664
0.147939
0.186993
0.139336
0.100552
0.02852
0.336709
0.604275
0.460238
0.701849
0.431428
0.899644
0.977804
0.637694
0.619427
0.855464
0.71864
0.410061
0.306391
0.903217
0.281499
0.331639
0.762853
0.435766
0.285442
0.154988
0.789542
0.05648
0.375131
0.369785
0.881471
0.855037
0.448954
0.857915
0.27925
0.390185
0.952115
0.749984
0.50297
0.64563
0.388796
0.254087
0.713726
0.653952
0.772653
0.908338
0.171816
0.144403
0.996308
0.559483
0.720259
0.075834
0.711735
0.873655
0.953978
0.011018
0.489414
0.173856
0.89486
0.075673
0.738727
0.376114
0.050441
0.174849
0.191475
0.62405
0.230133
0.280383
0.517956
0.85981
0.130487
0.137607
0.964232
0.095654
0.024219
0.550148
0.60928
0.107122
0.317372
0.272876
0.118463
0.846779
0.082425
0.084432
0.470052
0.724505
0.857862
0.913936
0.236024
0.801471
0.102385
0.131545
0.037267
0.731059
0.914053
0.039701
0.663617
0.882121
0.95039
0.97132
0.56437
0.614168
0.333905
0.25593
0.618792
0.673721
0.41086
0.929144
0.225772
0.800375
0.932115
0.40368
0.690114
0.637432
0.554983
0.283059
0.325561
0.043925
0.633021
0.165036
0.426966
0.464105
0.104192
0.163316
0.528946
0.370407
0.957132
0.814571
0.388441
0.47374
0.138189
0.925105
0.72605
0.445812
0.391753
0.056108
0.017704
0.432847
0.084333
0.244685
0.328485
0.929524
0.933947
0.594754
0.816108
0.654436
0.896266
0.486665
0.227025
0.770871
0.069823
0.364734
0.057266
0.344246
0.046903
0.75718
0.169503
0.546957
0.437935
0.323631
0.591592
0.368709
0.870252
0.823394
0.679906
0.673183
0.732566
0.036419
0.736272
0.714359
0.417631
0.815465
0.563747
0.713193
0.072575
0.561719
0.806931
0.113203
0.618987
0.054309
0.321335
0.546978
0.451037
0.230709
0.773511
0.562988
0.393796
0.03566
0.723807
0.52077
0.788953
0.130805
0.939828
0.39848
0.372161
0.792104
0.871883
0.15349
0.571261
0.798533
0.525582
0.489412
0.690057
0.917893
0.07348
0.484647
0.477791
0.890935
0.869146
0.133466
0.155241
0.172942
0.647154
0.105224
0.798382
0.179887
0.106256
0.73158
0.883436
0.960696
0.40786
0.170902
0.382649
0.724509
0.998156
0.740612
0.568156
0.072795
0.205931
0.314935
0.056369
0.498868
0.514075
0.202835
0.195049
0.020696
0.259427
0.131074
0.541475
0.723182
0.644708
0.685088
0.812123
0.162917
0.030849
0.004543
0.653022
0.341144
0.961589
0.171394
0.485939
0.389454
0.506391
0.982981
0.545077
0.503046
0.794135
0.649652
0.855474
0.812463
0.419313
0.673767
0.865315
0.483247
0.239375
0.179896
0.762363
0.445682
0.71979
0.389204
0.455576
0.909776
0.629018
0.358601
0.393205
0.45156
0.976409
0.236588
0.576083
0.59333
0.919629
0.679988
0.249268
0.122588
0.942463
0.063724
0.961213
0.918352
0.088622
0.667613
0.989489
0.482129
0.735603
0.429513
0.99198
0.457503
0.629936
0.082536
0.242733
0.39402
0.596178
0.129564
0.728492
0.054441
0.03271
0.279919
0.011763
0.328738
0.159259
0.823307
0.395611
0.438959
0.571708
0.711927
0.989266
0.69397
0.368475
0.264764
0.648036
0.094702
0.388542
0.966917
0.758579
0.202485
0.159696
0.832993
0.325154
0.695853
0.069733
0.190413
0.510995
0.996474
0.686686
0.555803
0.395305
0.395732
0.698109
0.752326
0.549536
0.415293
0.320753
0.058736
0.188741
0.135392
0.535525
0.011734
0.952108
0.301669
0.164876
0.990409
0.920591
0.305087
0.237273
0.726536
0.877333
0.202909
0.254427
0.600219
0.602875
0.233954
0.851161
0.390484
0.422759
0.375253
0.122752
0.984688
0.688881
0.048978
0.969642
0.197806
0.62855
0.170638
0.726321
0.976296
0.120827
0.375604
0.199184
0.341824
0.060933
0.945827
0.219883
0.808934
0.672088
0.109052
0.546813
0.082991
0.018305
0.874468
0.803658
0.785969
0.905216
0.272766
0.855986
0.018412
0.35202
0.989124
0.916103
0.647461
0.625565
0.048871
0.71488
0.597373
0.335816
0.358105
0.783182
0.631532
0.825689
0.015783
0.056714
0.906262
0.00776
0.568737
0.131992
0.857976
0.424369
0.888187
0.246052
0.720737
0.03097
0.028804
0.336688
0.477249
0.716219
0.235027
0.035756
0.694859
0.719771
0.704506
0.779495
0.020619
0.022694
0.762437
0.790031
0.915624
0.622003
0.081802
0.577532
0.749941
0.456476
0.719833
0.122323
0.808327
0.096515
0.731609
0.167201
0.393118
0.346166
0.029162
0.597935
0.668101
0.42782
0.055429
0.959745
0.476667
0.950783
0.959625
0.549989
0.513163
0.489611
0.472991
0.056173
0.420097
0.499124
0.523821
0.563903
0.315728
0.066078
0.879525
0.932705
0.437548
0.253206
0.502808
0.598694
0.95462
0.658232
0.705131
0.524984
0.22756
0.564172
0.121557
0.537969
0.453714
0.553326
0.853022
0.684102
0.416802
0.913828
0.51102
0.929152
0.429956
0.516335
0.603744
0.410066
0.67459
0.376263
0.234177
0.576218
0.187297
0.384145
0.658287
0.299692
0.362017
0.521991
0.530566
0.1237
0.879424
0.236312
0.040796
0.048758
0.883568
0.33542
0.490103
0.821182
0.902114
0.760714
0.155089
0.633553
0.24223
0.99908
0.3986
0.107909
0.811413
0.894104
0.345594
0.441128
0.30612
0.928487
0.389131
0.867147
0.357908
0.374479
0.468722
0.422347
0.380225
0.77158
0.341047
0.013024
0.790497
0.876673
0.276828
0.09881
0.056719
0.489131
0.67353
0.882714
0.153349
0.735576
0.341981
0.543061
0.655519
0.945625
0.744446
0.057009
0.893937
0.377627
0.467512
0.07137
0.714134
0.484856
0.932109
0.496092
0.250472
0.709625
0.326393
0.511398
0.751993
0.856816
0.346483
0.944074
0.348108
0.678698
0.245513
0.568327
0.066886
0.274657
0.07295
0.855517
0.693405
0.205378
0.276796
0.446345
0.095267
0.960992
0.924933
0.738462
0.098262
0.729238
0.473705
0.592031
0.47661
0.523499
0.594907
0.652308
0.710215
0.924422
0.768973
0.253539
0.390903
0.329585
0.507109
0.437339
0.73438
0.469099
0.73188
0.663808
0.725617
0.841994
0.773376
0.32816
0.766065
0.551528
0.28979
0.467269
0.625625
0.782056
0.19869
0.02451
0.57734
0.147901
0.417955
0.271326
0.036585
0.781331
0.238842
0.931142
0.06804
0.137273
0.336986
0.71398
0.997038
0.301976
0.908432
0.801741
0.589079
0.744746
0.349899
0.784572
0.194325
0.355685
0.678178
0.984307
0.824905
0.692538
0.019667
0.694366
0.446793
0.928269
0.378801
0.504813
0.243096
0.933689
0.384887
0.832212
0.294443
0.079374
0.672898
0.920918
0.71524
0.727868
0.516237
0.467209
0.356864
0.224932
0.095967
0.64887
0.989725
0.891806
0.333567
0.193445
0.134018
0.504699
0.041369
0.137805
0.530044
0.607857
0.12579
0.647298
0.587645
0.939317
0.699305
0.902811
0.26154
0.890199
0.047229
0.324261
0.838475
0.145822
0.715586
0.676146
0.103005
0.139632
0.181501
0.611406
0.520463
0.362905
0.820957
0.768306
0.795738
0.427371
0.558883
0.202221
0.589482
0.094111
0.901931
0.061879
0.994299
0.995437
0.496809
0.931227
0.034932
0.080805
0.77262
0.190329
0.152684
0.295839
0.599914
0.257526
0.968899
0.748084
0.491207
0.603928
0.390473
0.670706
0.610514
0.115458
0.243321
0.252712
0.517479
0.948095
0.737911
0.829189
0.199105
0.818139
0.229161
0.406196
0.245282
0.399531
0.316279
0.844423
0.572029
0.280807
0.007648
0.123598
0.747914
0.089516
0.154569
0.684187
0.699329
0.08658
0.881732
0.478787
0.411494
0.733998
0.328386
0.786943
0.837469
0.646572
0.112387
0.863715
0.934251
0.096578
0.229662
0.989979
0.715007
0.247051
0.670714
0.519652
0.334767
0.596425
0.199408
0.111731
0.181826
0.293327
0.785887
0.600537
0.514874
0.894025
0.541528
0.203533
0.367998
0.677247
0.547937
0.009303
0.534424
0.776215
0.491645
0.961382
0.07212
0.633218
0.966931
0.359711
0.619398
0.112365
0.206041
0.142857
0.712011
0.232729
0.564954
0.905237
0.961342
0.762237
0.676556
0.637029
0.573694
0.067002
0.620307
0.265499
0.552551
0.554843
0.898603
0.987476
0.430415
0.396896
0.174858
0.495827
0.091428
0.504136
0.070629
0.229121
0.113675
0.21674
0.889083
0.052604
0.499679
0.290187
0.687458
0.469746
0.368368
0.547231
0.25011
0.170348
0.932059
0.256063
0.2652
0.469448
0.60405
0.921808
0.876794
0.634153
0.609271
0.97731
0.114132
0.442196
0.663107
0.508448
0.354577
0.368795
0.73924
0.511112
0.547202
0.8718
0.739047
0.77657
0.470709
0.562515
0.651154
0.759368
0.590737
0.400668
0.125454
0.96592
0.814869
0.265306
0.049549
0.879275
0.158853
0.069857
0.833418
0.737157
0.528084
0.75015
0.862531
0.679674
0.049266
0.325364
0.21843
0.231069
0.440538
0.235872
0.079113
0.528713
0.894744
0.095456
0.029442
0.214839
0.904042
0.48878
0.744828
0.026977
0.41875
0.032945
0.596013
0.770995
0.38771
0.692705
0.273946
0.207236
0.491772
0.77544
0.348648
0.011066
0.865096
0.719449
0.811911
0.697996
0.845777
0.431066
0.297194
0.273716
0.232257
0.129982
0.845296
0.509909
0.6358
0.515691
0.6835
0.148087
0.67258
0.823538
0.873431
0.86535
0.774526
0.858071
0.251758
0.436695
0.163052
0.421023
0.804591
0.112697
0.538411
0.705188
0.342048
0.377856
0.337951
0.743127
0.770421
0.993886
0.431777
0.16686
0.438514
0.565055
0.408748
0.871343
0.069369
0.047971
0.749897
0.301709
0.384666
0.721323
0.384822
0.584339
0.10642
0.255249
0.528233
0.394883
0.811072
0.65361
0.697318
0.188537
0.469152
0.37107
0.917329
0.650448
0.477596
0.94018
0.206297
0.201971
0.423168
0.763711
0.663291
0.582377
0.620454
0.320019
0.890576
0.73493
0.189598
0.619489
0.722859
0.962088
0.573481
0.922074
0.371377
0.107739
0.371722
0.789509
0.453053
0.286079
0.484404
0.437073
0.730463
0.948307
0.780386
0.940054
0.475156
0.798784
0.084614
0.188503
0.32347
0.777793
0.047635
0.949369
0.142703
0.089402
0.144753
0.876309
0.431099
0.572575
0.420211
0.633906
0.250961
0.164445
0.969833
0.434878
0.598755
0.108388
0.300983
0.934029
0.237953
0.482355
0.165769
0.088346
0.070534
0.60936
0.042085
0.184767
0.872134
0.738325
0.297322
0.150928
0.143313
0.665529
0.724613
0.161571
0.481571
0.993978
0.423651
0.876674
0.490683
0.176764
0.240029
0.034215
0.84177
0.163839
0.261259
0.037464
0.662055
0.92665
0.876604
0.975724
0.890995
0.981354
0.400754
0.14218
0.911162
0.335729
0.50408
0.612813
0.289851
0.916687
0.987171
0.132581
0.042382
0.924608
0.724471
0.651315
0.228553
0.009243
0.72973
0.158859
0.616664
0.130773
0.615017
0.741852
0.552349
0.02902
0.480702
0.52318
0.378385
0.948441
0.974635
0.482259
0.69725
0.182153
0.138112
0.882987
0.14495
0.904853
0.98461
0.897383
0.930842
0.436401
0.201886
0.050898
0.454715
0.438007
0.884835
0.68615
0.284904
0.65482
0.409892
0.545686
0.333316
0.749165
0.063971
0.442447
0.181513
0.129243
0.562651
0.180259
0.101065
0.843176
0.097833
0.889952
0.268524
0.661221
0.98038
0.44665
0.360628
0.899027
0.762426
0.152451
0.022658
0.164812
0.986365
0.47718
0.204225
0.796795
0.399258
0.00422
0.844665
0.186032
0.158432
0.743052
0.508695
0.825043
0.126761
0.297264
0.578873
0.403091
0.198156
0.151281
0.128845
0.070343
0.904922
0.340367
0.414227
0.795766
0.759706
0.628075
0.999577
0.403368
0.739244
0.401705
0.777763
0.681241
0.890009
0.225877
0.193353
0.586278
0.889244
0.539542
0.626374
0.396631
0.850071
0.119201
0.035665
0.495187
0.227342
0.180037
0.873168
0.930623
0.723438
0.56566
0.116395
0.22649
0.842142
0.311426
0.780625
0.980894
0.17086
0.49235
0.855154
0.8307
0.520355
0.397323
0.655275
0.980809
0.913957
0.539065
0.280293
0.087469
0.858466
0.15211
0.774199
0.26601
0.806038
0.949256
0.478446
0.312538
0.070621
0.838876
0.89492
0.088686
0.614935
0.63456
0.006469
0.999524
0.828895
0.221849
0.332925
0.263106
0.548608
0.25721
0.185756
0.269994
0.864085
0.491833
0.572055
0.917715
0.962794
0.779147
0.41365
0.131164
0.869795
0.387474
0.682144
0.493022
0.102076
0.292846
0.729291
0.873548
0.237139
0.641011
0.668178
0.078646
0.262578
0.762193
0.26352
0.613301
0.406149
0.407732
0.406019
0.773516
0.071548
0.57215
0.140428
0.742387
0.241396
0.690551
0.42254
0.376632
0.218063
0.287539
0.984261
0.372903
0.962258
0.47068
0.671462
0.659117
0.484116
0.119053
0.655804
0.254053
0.056033
0.265179
0.544515
0.892617
0.289388
0.274109
0.432635
0.073929
0.386619
0.144793
0.039077
0.609576
0.856405
0.413732
0.940385
0.56461
0.418774
0.998729
0.727693
0.626286
0.573695
0.965473
0.932617
0.362573
0.327366
0.995497
0.631119
0.677766
0.208106
0.328855
0.574936
0.84144
0.757786
0.960971
0.716462
0.411633
0.931723
0.533304
0.671382
0.472534
0.682746
0.785884
0.137307
0.000334
0.569626
0.445322
0.369035
0.589142
0.934746
0.867361
0.224133
0.314658
0.561809
0.007284
0.706833
0.708765
0.343998
0.511084
0.45936
0.966575
0.163973
0.370406
0.883649
0.984646
0.628261
0.472962
0.122396
0.086516
0.622676
0.885785
0.909825
0.309663
0.875327
0.192963
0.931629
0.366956
0.802664
0.404845
0.419572
0.243119
0.533218
0.562087
0.549449
0.772134
0.962901
0.141137
0.428578
0.754641
0.907098
0.937075
0.048762
0.168702
0.992763
0.114162
0.622458
0.529764
0.578778
0.692694
0.619434
0.689185
0.254034
0.9387
0.440624
0.670759
0.40153
0.78677
0.452235
0.071883
0.692049
0.510896
0.669869
0.570507
0.404025
0.711015
0.233486
0.985766
0.853468
0.04694
0.525338
0.738513
0.963909
0.1165
0.272476
0.18747
0.657982
0.501815
0.300793
0.856957
0.616283
0.022582
0.533981
0.129513
0.312878
0.016945
0.213387
0.580148
0.385135
0.87579
0.872047
0.004819
0.859691
0.249673
0.735339
0.428662
0.540289
0.064584
0.407269
0.343223
0.506053
0.425628
0.172655
0.05973
0.556627
0.323019
0.829407
0.095746
0.737683
0.189144
0.839423
0.336198
0.30549
0.170903
0.201133
0.6647
0.024609
0.208738
0.992931
0.630184
0.680542
0.073121
0.785334
0.501298
0.536535
0.210875
0.551826
0.197275
0.748905
0.658922
0.479756
0.867767
0.829508
0.776087
0.558619
0.601969
0.621202
0.583096
0.450045
0.357949
0.634045
0.201215
0.122834
0.916188
0.799127
0.474488
0.79153
0.022986
0.898798
0.36411
0.843808
0.387147
0.569773
0.137807
0.158108
0.946866
0.148876
0.501743
0.049552
0.816546
0.260067
0.6652
0.701513
0.630735
0.485843
0.343769
0.149863
0.030027
0.249728
0.114179
0.538087
0.877649
0.269593
0.945414
0.71755
0.137249
0.858279
0.587639
0.182668
0.646634
0.384114
0.942917
0.19758
0.374115
0.777771
0.520646
0.77151
0.338816
0.648737
0.823881
0.755026
0.945519
0.890534
0.471461
0.626272
0.454245
0.326637
0.095492
0.718077
0.91543
0.334402
0.111709
0.90896
0.708147
0.9138
0.967396
0.688477
0.965086
0.610722
0.284397
0.696515
0.944972
0.376121
0.554611
0.044935
0.457114
0.284628
0.175725
0.652207
0.456254
0.35681
0.66682
0.37375
0.991284
0.15679
0.260309
0.914616
0.613057
0.761933
0.809694
0.821814
0.853882
0.503226
0.999735
0.162268
0.370187
0.536377
0.254518
0.957817
0.233465
0.746483
0.316364
0.540425
0.052234
0.420923
0.409381
0.629079
0.099714
0.427176
0.113464
0.734704
0.234544
0.308865
0.287703
0.377985
0.675387
0.215557
0.3459
0.218229
0.332239
0.796032
0.028073
0.190351
0.425929
0.774635
0.06516
0.23358
0.86654
0.175303
0.790705
0.886858
0.593482
0.310688
0.0847
0.953307
0.897048
0.588778
0.380904
0.622353
0.557686
0.848942
0.607943
0.937702
0.437922
0.80731
0.587367
0.772891
0.349976
0.495979
0.048251
0.642697
0.734912
0.587713
0.129132
0.185832
0.569213
0.030267
0.810468
0.119188
0.10908
0.322294
0.633589
0.704288
0.97519
0.953509
0.631593
0.930542
0.524263
0.536989
0.814611
0.007973
0.66408
0.867344
0.737637
0.818625
0.421006
0.510789
0.560213
0.748297
0.232934
0.141616
0.396724
0.15629
0.156595
0.469645
0.61051
0.230369
0.505308
0.286649
0.290514
0.131701
0.170417
0.444975
0.625155
0.921719
0.813479
0.172656
0.379953
0.328535
0.245958
0.87707
0.724322
0.075155
0.635902
0.336088
0.75606
0.245154
0.702813
0.140165
0.800387
0.617034
0.245852
0.641306
0.652781
0.253949
0.072441
0.816996
0.931263
0.452032
0.235308
0.498651
0.294685
0.285289
0.612044
0.703226
0.825849
0.408583
0.769442
0.49683
0.779817
0.189192
0.40241
0.052399
0.129606
0.880113
0.047189
0.619158
0.472993
0.116901
0.12519
0.311888
0.85966
0.360506
0.466526
0.963228
0.78909
0.739308
0.162361
0.404527
0.766406
0.176198
0.205586
0.524847
0.54353
0.121732
0.920444
0.351564
0.708733
0.775829
0.039612
0.395075
0.313369
0.507837
0.209232
0.111615
0.335268
0.118133
0.273599
0.465721
0.824781
0.740309
0.919343
0.81324
0.431216
0.705213
0.87176
0.531889
0.1821
0.782021
0.868806
0.683863
0.447382
0.1123
0.136009
0.843917
0.72435
0.833653
0.910891
0.709455
0.713467
0.565277
0.190504
0.064452
0.88024
0.676383
0.401151
0.348101
0.533898
0.356605
0.661649
0.628864
0.600193
0.147708
0.634622
0.523273
0.304787
0.875942
0.45091
0.117716
0.123142
0.234148
0.269384
0.204965
0.898297
0.069655
0.859655
0.886124
0.74731
0.524787
0.387801
0.017829
0.391933
0.80881
0.945188
0.472445
0.173724
0.75288
0.597512
0.9303
0.389656
0.079893
0.582917
0.357952
0.901489
0.940948
0.316372
0.639131
0.846064
0.7868
0.498901
0.043596
0.814273
0.836742
0.324431
0.557471
0.130222
0.18289
0.796581
0.902709
0.951878
0.267163
0.871161
0.932399
0.491491
0.037735
0.490582
0.156053
0.885636
0.866563
0.503898
0.484116
0.259663
0.389108
0.663313
0.040693
0.447261
0.993325
0.332309
0.186768
0.090615
0.956413
0.786195
0.668227
0.422412
0.949378
0.716617
0.925602
0.929094
0.003229
0.435151
0.104478
0.090574
0.994949
0.368265
0.425105
0.986722
0.250401
0.523448
0.646526
0.095557
0.471374
0.809463
0.359996
0.454811
0.924043
0.194899
0.146333
0.983555
0.872583
0.041474
0.662855
0.424643
0.505955
0.52526
0.76521
0.058966
0.209902
0.973927
0.375235
0.780267
0.040502
0.66623
0.798214
0.022481
0.943211
0.2796
0.465589
0.032943
0.986239
0.088572
0.655004
0.651501
0.101221
0.460988
0.369461
0.62777
0.08344
0.187047
0.53388
0.083656
0.065514
0.333494
0.476086
0.135691
0.947862
0.414141
0.76993
0.05874
0.890147
0.048069
0.96542
0.801779
0.136746
0.790183
0.148107
0.546505
0.804332
0.908065
0.472084
0.442425
0.454223
0.909795
0.626465
0.72439
0.088564
0.627874
0.618413
0.942766
0.019145
0.42969
0.251282
0.388537
0.228213
0.402135
0.829406
0.912205
0.774828
0.819684
0.372452
0.332228
0.991062
0.661672
0.198793
0.30973
0.134463
0.108604
0.929856
0.195781
0.705692
0.985098
0.930055
0.675195
0.379866
0.754573
0.638589
0.799537
0.536235
0.023362
0.819549
0.258223
0.159341
0.38277
0.289339
0.650655
0.34542
0.433317
0.758019
0.218398
0.561585
0.52326
0.268823
0.819806
0.911308
0.099603
0.961601
0.85063
0.04657
0.53101
0.796929
0.343637
0.827115
0.357703
0.149125
0.354011
0.635271
0.40203
0.480735
0.643988
0.298371
0.356429
0.829304
0.799369
0.774281
0.469953
0.198077
0.441966
0.101342
0.829698
0.267996
0.957415
0.579487
0.643846
0.179658
0.433723
0.359385
0.126961
0.503721
0.724516
0.951071
0.194202
0.40917
0.66671
0.827415
0.773123
0.329166
0.48732
0.736295
0.213476
0.620694
0.315132
0.5059
0.546561
0.817324
0.75025
0.317003
0.774102
0.362725
0.100201
0.104264
0.454291
0.74436
0.752343
0.528234
0.513808
0.254231
0.228974
0.979695
0.725803
0.959294
0.939211
0.643325
0.502125
0.338991
0.226808
0.464771
0.325535
0.321953
0.053239
0.638754
0.509731
0.694334
0.700282
0.57001
0.594152
0.055747
0.89788
0.104406
0.27603
0.439284
0.650082
0.519873
0.19709
0.275825
0.566655
0.897467
0.543357
0.350289
0.073558
0.035556
0.752755
0.552024
0.816395
0.389485
0.114869
0.371342
0.033435
0.30791
0.378044
0.639829
0.449813
0.440217
0.223129
0.779861
0.259664
0.117167
0.924183
0.172849
0.815811
0.68228
0.085691
0.034956
0.827646
0.379676
0.592464
0.410559
0.095899
0.465048
0.506559
0.847988
0.413224
0.480624
0.128554
0.164652
0.938516
0.443449
0.509564
0.105776
0.543392
0.669544
0.564384
0.982653
0.36213
0.361406
0.933564
0.784006
0.023905
0.823144
0.309558
0.188776
0.575286
0.610468
0.029044
0.766031
0.046471
0.581143
0.120785
0.4178
0.098791
0.312465
0.227045
0.540473
0.010785
0.347592
0.55063
0.111081
0.260125
0.985041
0.476457
0.216698
0.709365
0.516935
0.611602
0.722132
0.448757
0.642948
0.960806
0.35651
0.169482
0.767974
0.025243
0.211565
0.61987
0.476248
0.216342
0.312098
0.045546
0.221316
0.549169
0.660987
0.69069
0.081462
0.955997
0.155802
0.424934
0.175465
0.436114
0.307261
0.386438
0.66364
0.41664
0.544526
0.849677
0.456566
0.545001
0.041528
0.048909
0.320356
0.007568
0.814534
0.611271
0.755615
0.138198
0.286613
0.8415
0.732245
0.90474
0.138323
0.080369
0.422524
0.697114
0.561866
0.991441
0.513216
0.582738
0.130015
0.289659
0.058938
0.702778
0.153076
0.082834
0.430371
0.55213
0.436434
0.965954
0.861892
0.433358
0.544715
0.198125
0.920702
0.282562
0.136435
0.844347
0.72659
0.383979
0.888419
0.292047
0.527926
0.082172
0.661856
0.639152
0.146167
0.922558
0.814878
0.408349
0.035079
0.544018
0.009549
0.528603
0.732829
0.373701
0.961339
0.594029
0.424726
0.758044
0.096507
0.696807
0.550276
0.916584
0.435631
0.489015
0.105182
0.285983
0.589257
0.203178
0.650936
0.519586
0.314494
0.607854
0.602172
0.486326
0.770712
0.319024
0.229294
0.132723
0.636707
0.59829
0.254037
0.937658
0.094507
0.095679
0.224022
0.605782
0.330648
0.811696
0.389608
0.815005
0.666941
0.840364
0.215023
0.708577
0.911911
0.181484
0.553327
0.605353
0.371782
0.261557
0.050529
0.445807
0.102644
0.504298
0.298727
0.485008
0.374557
0.662826
0.245395
0.24119
0.314203
0.391568
0.446836
0.555106
0.323129
0.482839
0.623638
0.171848
0.739774
0.627534
0.564982
0.9097
0.054138
0.82253
0.115966
0.244723
0.978297
0.788173
0.284556
0.862956
0.948218
0.97318
0.95095
0.825977
0.253719
0.897449
0.333519
0.509376
0.450572
0.279613
0.944858
0.053195
0.365051
0.417986
0.896205
0.19857
0.803437
0.768698
0.455987
0.289446
0.836045
0.443097
0.601014
0.186819
0.101893
0.565321
0.300877
0.380866
0.727113
0.700614
0.585642
0.268377
0.806554
0.955627
0.242307
0.765861
0.342109
0.269774
0.170394
0.965185
0.215286
0.525066
0.45882
0.965716
0.785826
0.311696
0.516914
0.29535
0.530664
0.440513
0.026791
0.508546
0.715575
0.093207
0.379318
0.766559
0.413326
0.591202
0.850481
0.343481
0.82704
0.607493
0.374179
0.364402
0.743476
0.150976
0.928404
0.750711
0.367462
0.019838
0.777148
0.210304
0.312596
0.615551
0.668117
0.431298
0.033579
0.081716
0.462582
0.285218
0.262354
0.810519
0.2298
0.941173
0.472083
0.008244
0.661669
0.554983
0.323146
0.360476
0.931056
0.295951
0.306813
0.297494
0.961618
0.040434
0.050646
0.937975
0.525078
0.884099
0.683144
0.810758
0.923976
0.238706
0.918216
0.931887
0.456708
0.041376
0.255754
0.106586
0.605932
0.078077
0.736312
0.471844
0.34807
0.126493
0.798107
0.858795
0.234824
0.041702
0.545695
0.502188
0.056163
0.550795
0.588831
0.87735
0.987231
0.717658
0.540709
0.231999
0.413526
0.032018
0.021657
0.715709
0.70923
0.894613
0.253722
0.346192
0.449459
0.585697
0.023623
0.609606
0.126397
0.437948
0.152437
0.426839
0.843891
0.182853
0.437085
0.002906
0.546972
0.695493
0.075413
0.643459
0.541259
0.397893
0.214631
0.972935
0.207356
0.427688
0.692227
0.527224
0.673573
0.360129
0.22257
0.12369
0.192809
0.145607
0.937754
0.393245
0.986334
0.242695
0.518464
0.074119
0.134972
0.441133
0.884624
0.298502
0.222082
0.063593
0.344574
0.846628
0.938459
0.215395
0.808042
0.424883
0.647222
0.047059
0.131659
0.488853
0.782906
0.201622
0.095753
0.096475
0.959937
0.424331
0.683241
0.873722
0.639915
0.59397
0.831944
0.922325
0.357708
0.637851
0.147773
0.90374
0.561294
0.804046
0.886369
0.239603
0.842461
0.977496
0.93416
0.445591
0.198369
0.729919
0.789966
0.999505
0.515243
0.812791
0.481343
0.304108
0.646615
0.620724
0.712879
0.292272
0.49581
0.855865
0.500397
0.145673
0.445396
0.043404
0.205217
0.006325
0.510542
0.335642
0.859916
0.491052
0.053284
0.914807
0.113002
0.416819
0.312373
0.059336
0.078131
0.092831
0.163205
0.245937
0.393277
0.046828
0.645585
0.699373
0.496466
0.312142
0.574201
0.594636
0.582032
0.289506
0.265821
0.401379
0.164196
0.68887
0.560095
0.644565
0.769985
0.149414
0.427679
0.540467
0.923894
0.160747
0.317028
0.258931
0.567559
0.46673
0.198155
0.828608
0.219652
0.054445
0.777476
0.760256
0.33696
0.107162
0.884104
0.038067
0.2217
0.163002
0.5841
0.591122
0.553381
0.13661
0.158588
0.133019
0.301322
0.91715
0.754671
0.893498
0.214379
0.478015
0.401911
0.907469
0.901578
0.053436
0.312838
0.151604
0.081109
0.151493
0.048938
0.809509
0.733052
0.893296
0.607359
0.622899
0.648487
0.960774
0.4021
0.389274
0.309457
0.966324
0.599738
0.699998
0.377557
0.665404
0.728829
0.942957
0.82957
0.192217
0.682568
0.704892
0.315444
0.833113
0.798594
0.271481
0.199091
0.476045
0.78753
0.231213
0.455192
0.41371
0.539202
0.503033
0.31373
0.647116
0.273689
0.82193
0.071993
0.353113
0.167096
0.722513
0.695648
0.561017
0.149873
0.872159
0.526093
0.065086
0.39702
0.814146
0.419173
0.451847
0.243388
0.178596
0.905646
0.405657
0.085432
0.732583
0.045595
0.886483
0.89213
0.762541
0.035876
0.001434
0.397356
0.05303
0.144358
0.016016
0.503152
0.493253
0.287059
0.704079
0.791625
0.164997
0.314328
0.513104
0.512248
0.332244
0.592624
0.714206
0.269337
0.998194
0.084319
0.825115
0.236402
0.464186
0.230059
0.506162
0.949369
0.716532
0.565416
0.637152
0.26866
0.83471
0.318137
0.563369
0.278482
0.335988
0.577314
0.814988
0.616115
0.805293
0.919159
0.094585
0.043728
0.2983
0.371782
0.698048
0.455515
0.992588
0.025072
0.032332
0.522046
0.472497
0.439785
0.877691
0.696941
0.989019
0.938065
0.227039
0.54138
0.970282
0.201928
0.178788
0.837066
0.81414
0.175765
0.279941
0.743026
0.823752
0.681104
0.9321
0.900603
0.944433
0.483424
0.35173
0.400797
0.842403
0.461017
0.710736
0.141132
0.932208
0.029795
0.201501
0.125503
0.408629
0.177414
0.545923
0.80255
0.024667
0.448563
0.176156
0.915687
0.261686
0.685254
0.808996
0.479326
0.754222
0.177106
0.479975
0.550337
0.574429
0.138754
0.118108
0.78201
0.363596
0.156352
0.299109
0.008963
0.514172
0.081141
0.314316
0.457026
0.9588
0.997998
0.119933
0.789184
0.945483
0.558255
0.394481
0.129913
0.679348
0.988158
0.781254
0.924733
0.692092
0.530864
0.767125
0.679749
0.140007
0.078698
0.454348
0.234103
0.038124
0.771495
0.740826
0.311853
0.568795
0.54046
0.192529
0.992358
0.617389
0.756839
0.197654
0.468288
0.52931
0.067289
0.860104
0.522267
0.376001
0.256011
0.144043
0.228028
0.546948
0.049782
0.109982
0.149576
0.877362
0.353368
0.777741
0.817819
0.933162
0.793822
0.103562
0.504729
0.449903
0.786004
0.261759
0.53948
0.815341
0.302689
0.471881
0.000131
0.146583
0.365137
0.031141
0.933504
0.129273
0.346417
0.481989
0.280673
0.145849
0.688981
0.986228
0.05932
0.22986
0.37831
0.651857
0.010816
0.863504
0.238358
0.468506
0.630364
0.62204
0.35187
0.634625
0.053601
0.174229
0.381209
0.753106
0.483597
0.298128
0.39417
0.003729
0.95024
0.94201
0.647114
0.537518
0.633907
0.280086
0.702023
0.604887
0.291801
0.028836
0.540628
0.505101
0.264787
0.804765
0.10048
0.856308
0.375635
0.074027
0.876629
0.751442
0.665193
0.850051
0.42109
0.153485
0.309032
0.399751
0.306428
0.278285
0.18699
0.386665
0.236485
0.136112
0.555714
0.741938
0.963386
0.987873
0.115961
0.539016
0.090538
0.974546
0.433047
0.221315
0.698372
0.20451
0.648703
0.950505
0.627763
0.326447
0.529896
0.587877
0.565319
0.600635
0.419952
0.889624
0.102768
0.100404
0.406151
0.558084
0.467097
0.994477
0.37167
0.03253
0.578599
0.439937
0.880054
0.471182
0.481618
0.233055
0.504063
0.901673
0.883001
0.091613
0.538209
0.994808
0.155542
0.393901
0.773335
0.71712
0.733125
0.679859
0.325628
0.177894
0.852463
0.372358
0.547497
0.381393
0.373667
0.736306
0.449313
0.413279
0.960224
0.412512
0.886516
0.717953
0.608788
0.67825
0.97205
0.991401
0.603447
0.346763
0.078585
0.043451
0.130935
0.271688
0.375424
0.60062
0.511592
0.853611
0.771076
0.357011
0.967348
0.043315
0.338012
0.775119
0.699543
0.629385
0.990185
0.86238
0.856225
0.829011
0.267576
0.694585
0.720923
0.057895
0.58998
0.217857
0.705794
0.467943
0.499808
0.589117
0.242829
0.576412
0.633147
0.4473
0.34409
0.889883
0.463502
0.930652
0.536964
0.97059
0.895247
0.261017
0.450999
0.768205
0.972706
0.339822
0.838399
0.163828
0.28878
0.07583
0.633466
0.271036
0.375922
0.075812
0.101697
0.110965
0.629402
0.52496
0.805668
0.824984
0.449742
0.0523
0.726786
0.532842
0.042284
0.381432
0.423447
0.531683
0.511263
0.433715
0.235233
0.279676
0.064792
0.30947
0.600865
0.5047
0.250589
0.427272
0.3337
0.505205
0.21064
0.794558
0.812854
0.703456
0.651133
0.693414
0.385464
0.185959
0.262706
0.803579
0.478702
0.28753
0.669512
0.600032
0.357729
0.655919
0.513867
0.890141
0.787212
0.561127
0.868694
0.503814
0.746573
0.819619
0.778827
0.185533
0.368415
0.614612
0.19678
0.089056
0.936457
0.30663
0.225734
0.068324
0.635105
0.866245
0.817063
0.560781
0.90007
0.311045
0.505537
0.262224
0.377648
0.093088
0.549044
0.028007
0.466259
0.043454
0.314965
0.361546
0.531025
0.9704
0.741999
0.309255
0.007309
0.661461
0.819379
0.400591
0.73209
0.260914
0.592383
0.152969
0.575283
0.568072
0.006037
0.785289
0.113158
0.145118
0.109455
0.422012
0.071023
0.621508
0.377204
0.861672
0.257679
0.047308
0.332971
0.089937
0.899587
0.33025
0.49032
0.948305
0.53443
0.568879
0.936852
0.735777
0.542414
0.246126
0.517883
0.973636
0.908897
0.000955
0.063754
0.279886
0.666033
0.968244
0.200909
0.760809
0.404185
0.04041
0.276548
0.683238
0.295037
0.74031
0.4143
0.154453
0.747369
0.672711
0.138737
0.702239
0.171731
0.134751
0.817548
0.097553
0.963612
0.407022
0.408072
0.710955
0.525405
0.625668
0.789842
0.257407
0.262729
0.552567
0.554348
0.527581
0.097286
0.884543
0.478452
0.318322
0.695755
0.958432
0.562482
0.691545
0.176227
0.403228
0.466633
0.799158
0.284078
0.760734
0.626643
0.946709
0.999912
0.763453
0.0152
0.812137
0.446463
0.150023
0.142671
0.628483
0.88213
0.405778
0.238911
0.941052
0.13486
0.39054
0.340816
0.241605
0.735009
0.806029
0.200319
0.141623
0.740652
0.845918
0.46895
0.234724
0.883513
0.531678
0.061331
0.019074
0.051409
0.397888
0.603268
0.69925
0.19311
0.783973
0.410084
0.07092
0.540737
0.501333
0.996216
0.949203
0.590518
0.292169
0.420824
0.722311
0.019879
0.434057
0.346109
0.519601
0.113946
0.605277
0.435862
0.61875
0.962063
0.980134
0.772148
0.446878
0.993291
0.771889
0.498986
0.217647
0.272719
0.203193
0.435466
0.484101
0.67196
0.470014
0.332713
0.60692
0.423742
0.551332
0.131115
0.625572
0.944755
0.55796
0.018694
0.792502
0.485426
0.916027
0.659096
0.058051
0.646672
0.740379
0.274742
0.688875
0.123035
0.982051
0.705615
0.308171
0.142755
0.97848
0.6245
0.34112
0.737893
0.431349
0.725899
0.902214
0.626755
0.517987
0.140754
0.882925
0.856166
0.30304
0.123985
0.518197
0.079991
0.409751
0.755771
0.907568
0.655031
0.429289
0.482251
0.738241
0.675045
0.496428
0.829453
0.212907
0.462807
0.890256
0.103798
0.987823
0.242581
0.014082
0.38541
0.267766
0.487796
0.453982
0.256402
0.259386
0.525344
0.342344
0.457318
0.706437
0.328305
0.903808
0.450825
0.796197
0.259915
0.824494
0.470629
0.992077
0.412147
0.283905
0.164301
0.404168
0.343271
0.760953
0.818291
0.480428
0.244962
0.91411
0.93924
0.716239
0.419694
0.45097
0.007129
0.059963
0.538997
0.144146
0.072036
0.400222
0.017001
0.668195
0.026398
0.658141
0.947937
0.594679
0.965831
0.915577
0.94335
0.178859
0.364675
0.053004
0.827697
0.733774
0.689727
0.771444
0.092415
0.656238
0.83844
0.505848
0.198517
0.873375
0.824351
0.154057
0.861566
0.110147
0.310392
0.886232
0.34677
0.399801
0.118199
0.363046
0.464186
0.507964
0.919203
0.098143
0.476367
0.048282
0.684906
0.824083
0.42353
0.533969
0.034728
0.361379
0.464423
0.915676
0.885466
0.080296
0.285993
0.66961
0.25491
0.614865
0.055424
0.165948
0.603628
0.563646
0.650317
0.680326
0.371317
0.477694
0.801081
0.857712
0.694193
0.731034
0.622096
0.530944
0.706595
0.513992
0.39143
0.663994
0.2713
0.636341
0.396301
0.743361
0.975508
0.553102
0.71846
0.941516
0.879164
0.008954
0.402259
0.951216
0.85046
0.352724
0.711596
0.289652
0.251563
0.278624
0.033819
0.398702
0.467217
0.995497
0.335303
0.620385
0.019991
0.708201
0.857508
0.138853
0.742715
0.306251
0.253103
0.253896
0.311182
0.14865
0.207826
0.594773
0.671777
0.367464
0.516521
0.390602
0.231908
0.718895
0.700087
0.576642
0.441573
0.500429
0.360537
0.944116
0.189992
0.524068
0.10258
0.225509
0.614118
0.372525
0.622547
0.017966
0.958549
0.749221
0.889884
0.748322
0.191142
0.70258
0.282695
0.762745
0.552205
0.989171
0.172211
0.65484
0.413204
0.615287
0.796434
0.693823
0.956927
0.634117
0.733041
0.459556
0.767351
0.775061
0.76809
0.9834
0.934746
0.289694
0.713156
0.255813
0.425097
0.094736
0.070786
0.265006
0.956857
0.480957
0.024224
0.260805
0.302146
0.493108
0.224753
0.744349
0.027629
0.640212
0.906322
0.415075
0.336641
0.210087
0.432464
0.472057
0.578361
0.865764
0.351592
0.956809
0.695772
0.346194
0.072212
0.015796
0.839591
0.72462
0.903196
0.812382
0.287293
0.89801
0.049916
0.943143
0.893958
0.340347
0.801042
0.864944
0.361919
0.743795
0.03374
0.317599
0.200014
0.998397
0.571737
0.697428
0.679004
0.794108
0.611941
0.123494
0.076926
0.386994
0.055069
0.732733
0.438495
0.819444
0.641691
0.987673
0.636311
0.680549
0.524101
0.639201
0.532831
0.679392
0.12389
0.566766
0.65962
0.848834
0.571795
0.609977
0.530282
0.68024
0.555941
0.701075
0.641765
0.279385
0.43622
0.343083
0.246269
0.437915
0.005295
0.557389
0.873161
0.35402
0.363179
0.283459
0.31835
0.650742
0.93771
0.656878
0.973944
0.400921
0.128968
0.911588
0.482742
0.692796
0.674288
0.201002
0.502848
0.053616
0.146812
0.350635
0.668172
0.086984
0.740904
0.683972
0.475575
0.947012
0.374043
0.397632
0.571607
0.044792
0.069783
0.633151
0.386223
0.500344
0.333005
0.667308
0.439877
0.941242
0.690169
0.86332
0.509448
0.579823
0.346193
0.910692
0.88754
0.204559
0.620667
0.15609
0.71059
0.47756
0.825389
0.17205
0.146688
0.238823
0.93266
0.698209
0.532395
0.950356
0.816657
0.900553
0.102216
0.166538
0.784683
0.703563
0.322141
0.975944
0.524521
0.340338
0.000231
0.271168
0.281097
0.024524
0.812388
0.276087
0.609565
0.455458
0.297853
0.000818
0.200671
0.121787
0.512608
0.553414
0.659843
0.854272
0.371354
0.31978
0.669076
0.010652
0.616102
0.562679
0.904622
0.957815
0.228385
0.053722
0.933382
0.876761
0.532822
0.756012
0.116788
0.997764
0.477634
0.077063
0.776262
0.044266
0.658346
0.046221
0.757325
0.11233
0.049992
0.434752
0.13949
0.69954
0.262079
0.485646
0.546591
0.11815
0.15576
0.074635
0.534729
0.721892
0.989962
0.533957
0.55159
0.642921
0.67346
0.64226
0.151561
0.287201
0.780691
0.559818
0.094899
0.665324
0.998952
0.988686
0.7161
0.502695
0.389042
0.797624
0.684557
0.900791
0.07638
0.778172
0.083578
0.587902
0.880925
0.074538
0.143728
0.31222
0.802353
0.731615
0.289192
0.365168
0.228179
0.922033
0.55656
0.702574
0.428054
0.555062
0.581702
0.773167
0.529607
0.551477
0.866839
0.274385
0.524744
0.503966
0.042956
0.954134
0.679723
0.840342
0.770627
0.315329
0.655467
0.937231
0.771213
0.773791
0.583592
0.838095
0.68983
0.206267
0.198472
0.815929
0.990191
0.59726
0.119416
0.673961
0.757339
0.906753
0.325068
0.662706
0.407349
0.04989
0.603993
0.41884
0.175102
0.508849
0.608382
0.319027
0.912955
0.150458
0.266507
0.354152
0.967175
0.560295
0.919363
0.596857
0.254474
0.196608
0.426956
0.38645
0.607053
0.870391
0.830056
0.907554
0.862507
0.106805
0.333671
0.160506
0.772857
0.376119
0.120309
0.169386
0.000846
0.661715
0.301852
0.255607
0.866755
0.743197
0.702708
0.890816
0.486463
0.637496
0.638778
0.442034
0.678465
0.621471
0.674564
0.442315
0.399761
0.657343
0.931007
0.55639
0.282056
0.132959
0.321773
0.149975
0.422
0.706747
0.91843
0.455083
0.63328
0.346291
0.91177
0.746119
0.940044
0.947347
0.503082
0.650461
0.238535
0.489487
0.677957
0.272336
0.730954
0.372107
0.894632
0.062357
0.413679
0.352429
0.162182
0.592745
0.821344
0.412673
0.042445
0.647555
0.776056
0.479362
0.578054
0.879304
0.446445
0.919856
0.628793
0.742276
0.407368
0.712416
0.107393
0.783464
0.089048
0.409296
0.974709
0.108805
0.353545
0.256236
0.492157
0.692848
0.246695
0.080465
0.512595
0.432807
0.201744
0.175677
0.547645
0.702809
0.17589
0.273912
0.390404
0.295541
0.610588
0.470455
0.822376
0.659399
0.897891
0.554473
0.277863
0.919633
0.506024
0.21745
0.549661
0.012675
0.313401
0.698074
0.709027
0.953074
0.528832
0.889833
0.821549
0.421919
0.543271
0.702609
0.30124
0.060642
0.250452
0.064395
0.972516
0.253277
0.177427
0.397256
0.216361
0.587293
0.93029
0.417002
0.455204
0.903188
0.444589
0.481904
0.842227
0.406588
0.858169
0.525978
0.438571
0.617427
0.805257
0.539883
0.635071
0.16301
0.716648
0.621962
0.941305
0.988201
0.399531
0.486792
0.920054
0.264287
0.984474
0.905185
0.970016
0.693553
0.25878
0.371707
0.2366
0.880135
0.940255
0.219737
0.336407
0.659226
0.367868
0.288225
0.943117
0.57795
0.25351
0.978629
0.013238
0.462654
0.945261
0.570763
0.904777
0.804561
0.287719
0.745512
0.882813
0.875137
0.459841
0.38679
0.38835
0.913107
0.815206
0.776467
0.299583
0.304908
0.815215
0.262446
0.395452
0.02116
0.455698
0.30505
0.958616
0.491241
0.460481
0.974022
0.735185
0.454693
0.693154
0.431713
0.432069
0.232969
0.965007
0.359537
0.550019
0.358695
0.586761
0.441721
0.388461
0.419297
0.573972
0.641399
0.840035
0.774616
0.133131
0.627242
0.849886
0.104854
0.071555
0.292275
0.985166
0.093521
0.192271
0.079331
0.015336
0.117043
0.35107
0.646425
0.545504
0.923756
0.25913
0.164962
0.150729
0.583623
0.541223
0.191279
0.214866
0.546327
0.234974
0.242175
0.690607
0.60948
0.272941
0.758568
0.000513
0.89151
0.129285
0.158583
0.687319
0.054401
0.733247
0.395762
0.665135
0.670634
0.265822
0.83913
0.427845
0.061914
0.564159
0.674526
0.330748
0.58985
0.557779
0.014315
0.385557
0.670008
0.333707
0.32162
0.443674
0.386384
0.07997
0.689049
0.397549
0.438653
0.977991
0.418383
0.12576
0.160375
0.560322
0.157091
0.257505
0.434405
0.615127
0.857187
0.966074
0.155632
0.019145
0.731409
0.758601
0.487884
0.83059
0.558258
0.558037
0.632351
0.075588
0.69832
0.937132
0.060461
0.097094
0.298311
0.008255
0.931292
0.372015
0.94721
0.189589
0.941673
0.872831
0.516129
0.296896
0.265807
0.30838
0.904721
0.090659
0.497407
0.769433
0.484979
0.480865
0.000418
0.4561
0.162515
0.639759
0.169148
0.541183
0.423731
0.625007
0.040726
0.943299
0.203773
0.718489
0.161107
0.186917
0.800292
0.110812
0.156237
0.227702
0.610321
0.71246
0.424062
0.591982
0.031186
0.488694
0.366088
0.282544
0.328658
0.19076
0.319876
0.354206
0.864267
0.759737
0.057987
0.167244
0.087945
0.74698
0.015087
0.219436
0.766491
0.605481
0.915107
0.193964
0.303482
0.059203
0.613467
0.983496
0.761665
0.799396
0.734155
0.199883
0.134556
0.550561
0.933913
0.604269
0.765928
0.612159
0.677397
0.386996
0.740404
0.978347
0.854342
0.83669
0.688969
0.646064
0.669546
0.107621
0.461088
0.717095
0.33638
0.5518
0.823955
0.221701
0.173518
0.731263
0.202381
0.606146
0.993334
0.328323
0.507702
0.413811
0.695833
0.657428
0.152035
0.992942
0.281593
0.062353
0.21681
0.950904
0.831484
0.04297
0.11147
0.86127
0.221936
0.281077
0.223966
0.988071
0.778603
0.115278
0.211149
0.422947
0.491054
0.179998
0.177628
0.066574
0.415982
0.155909
0.906404
0.205576
0.123419
0.747591
0.759339
0.04753
0.068441
0.532907
0.281258
0.830675
0.317597
0.940674
0.799647
0.224994
0.163973
0.814659
0.889731
0.138424
0.226886
0.286604
0.721699
0.009473
0.528148
0.396623
0.500031
0.105868
0.830037
0.21039
0.797583
0.459754
0.5088
0.219954
0.173356
0.170325
0.354214
0.37625
0.863781
0.190831
0.259964
0.376293
0.823739
0.645451
0.78107
0.723878
0.903638
0.86413
0.823971
0.11739
0.577364
0.360792
0.320728
0.015669
0.922498
0.470042
0.140193
0.055268
0.273374
0.417901
0.631802
0.820815
0.939425
0.7369
0.76381
0.585119
0.937631
0.22496
0.749056
0.29453
0.546358
0.065087
0.018603
0.153006
0.681331
0.067283
0.424897
0.493356
0.651113
0.494143
0.50064
0.848655
0.373651
0.417559
0.525974
0.057959
0.81064
0.429601
0.25285
0.710112
0.609695
0.729528
0.214402
0.947608
0.946083
0.751252
0.64991
0.094934
0.871179
0.530243
0.389258
0.068438
0.389298
0.961238
0.397151
0.15752
0.261906
0.20711
0.871256
0.389991
0.728301
0.05752
0.920563
0.870926
0.9346
0.863558
0.744705
0.349947
0.545225
0.045811
0.633701
0.140038
0.116228
0.508051
0.648692
0.660658
0.187432
0.560564
0.229863
0.775682
0.459265
0.887451
0.574945
0.785619
0.341299
0.632233
0.26557
0.557734
0.7224
0.086175
0.211245
0.714782
0.124645
0.002454
0.554
0.804761
0.500859
0.188641
0.770039
0.946865
0.462481
0.641742
0.251191
0.266574
0.974129
0.303885
0.332153
0.90862
0.641135
0.416375
0.454287
0.754905
0.946585
0.57215
0.339778
0.917094
0.889576
0.427055
0.173873
0.430559
0.295498
0.110904
0.600828
0.799866
0.573064
0.435929
0.284118
0.970539
0.710444
0.578095
0.500329
0.510315
0.188302
0.601286
0.141332
0.247669
0.762706
0.952684
0.120577
0.256178
0.36
0.357783
0.332931
0.434069
0.149719
0.512378
0.748701
0.925723
0.547947
0.522483
0.048366
0.063584
0.543146
0.173644
0.909913
0.246424
0.442494
0.963589
0.737967
0.03208
0.075922
0.422944
0.218573
0.196868
0.430508
0.667303
0.931943
0.460863
0.157977
0.862309
0.480885
0.13276
0.208305
0.840418
0.214163
0.432449
0.585526
0.173504
0.91578
0.604783
0.765599
0.377602
0.137572
0.782827
0.043265
0.341026
0.608974
0.29717
0.359686
0.843153
0.826548
0.049461
0.223824
0.225598
0.468443
0.510619
0.270334
0.798824
0.184266
0.818074
0.500532
0.180568
0.274411
0.302878
0.201046
0.359044
0.337082
0.147061
0.461057
0.871312
0.042673
0.443948
0.419576
0.795366
0.335198
0.172485
0.729982
0.764436
0.708402
0.781335
0.729668
0.192912
0.982477
0.389858
0.942557
0.400675
0.944754
0.619803
0.889431
0.574436
0.838364
0.350075
0.566579
0.806189
0.761387
0.438535
0.750058
0.330921
0.114131
0.720061
0.86606
0.988389
0.114234
0.440087
0.087005
0.684057
0.526568
0.421969
0.705631
0.569066
0.358063
0.137969
0.659468
0.468213
0.577591
0.394915
0.702977
0.825047
0.468827
0.646246
0.417761
0.545781
0.948622
0.918001
0.307277
0.772491
0.908701
0.049525
0.62557
0.213384
0.495421
0.25122
0.315067
0.866643
0.317715
0.617297
0.749886
0.392718
0.487816
0.283155
0.1227
0.917713
0.764208
0.005864
0.532055
0.073109
0.063061
0.48244
0.471475
0.521771
0.316152
0.29842
0.473454
0.95855
0.648519
0.374522
0.686631
0.65543
0.940456
0.761745
0.578519
0.872973
0.529202
0.60164
0.891413
0.286274
0.100465
0.868829
0.185661
0.912292
0.473449
0.923808
0.901696
0.790485
0.467744
0.407456
0.225769
0.61894
0.528138
0.54114
0.337729
0.834806
0.018997
0.623905
0.698676
0.91655
0.368574
0.222367
0.42172
0.495972
0.803796
0.993662
0.954673
0.790088
0.115066
0.052891
0.578309
0.648054
0.124129
0.192259
0.5622
0.005472
0.309889
0.039379
0.374332
0.39089
0.748267
0.543166
0.461432
0.810832
0.001249
0.524321
0.303084
0.648876
0.234203
0.715858
0.642647
0.85766
0.4999
0.128802
0.062474
0.035496
0.801168
0.609202
0.70721
0.684661
0.074518
0.113117
0.656216
0.866431
0.449963
0.764642
0.922249
0.2805
0.491716
0.803026
0.320509
0.035234
0.452373
0.52291
0.392486
0.810855
0.763876
0.739826
0.957776
0.330921
0.062002
0.673502
0.20592
0.155902
0.634025
0.152804
0.584213
0.859525
0.981984
0.293608
0.68892
0.194393
0.77314
0.918941
0.629197
0.701876
0.952539
0.148817
0.838141
0.438309
0.912338
0.549779
0.657064
0.562618
0.130231
0.546693
0.782444
0.161171
0.495396
0.609974
0.492009
0.892523
0.149531
0.39314
0.532295
0.353501
0.244353
0.17133
0.245245
0.82742
0.901522
0.357394
0.366169
0.021803
0.605036
0.882716
0.699982
0.021054
0.889019
0.441368
0.337082
0.640058
0.253227
0.030024
0.165262
0.405106
0.53214
0.780249
0.402829
0.943993
0.882637
0.537384
0.757006
0.065843
0.029199
0.511116
0.794722
0.514591
0.490169
0.824589
0.153753
0.532898
0.236285
0.660995
0.500717
0.405283
0.55042
0.529059
0.454137
0.870314
0.050371
0.395641
0.667629
0.250705
0.111279
0.02167
0.074694
0.93539
0.386663
0.483748
0.045472
0.646476
0.847726
0.32409
0.403894
0.76505
0.778102
0.312462
0.965596
0.820282
0.13375
0.140156
0.713676
0.993834
0.774944
0.858659
0.986615
0.279183
0.621077
0.369942
0.598685
0.688298
0.652606
0.860763
0.060189
0.161991
0.805478
0.948856
0.513725
0.078938
0.892051
0.666965
0.307138
0.590401
0.1327
0.555446
0.30914
0.624353
0.984692
0.596568
0.106098
0.808944
0.874392
0.484527
0.42694
0.24702
0.244076
0.871768
0.158702
0.018543
0.906175
0.068454
0.226304
0.760789
0.285242
0.659386
0.215563
0.450941
0.442596
0.134925
0.973983
0.630099
0.157612
0.73533
0.879352
0.278278
0.617867
0.234825
0.369417
0.877046
0.053202
0.59632
0.809615
0.266635
0.838027
0.271766
0.222129
0.013813
0.660159
0.731048
0.535362
0.037311
0.144398
0.088118
0.301719
0.637862
0.807348
0.535822
0.650936
0.003693
0.735078
0.38827
0.188803
0.348935
0.910685
0.519893
0.9104
0.383675
0.710509
0.321053
0.580922
0.170251
0.582145
0.12934
0.440459
0.2787
0.797052
0.409702
0.932027
0.368045
0.369652
0.370414
0.938745
0.227545
0.143262
0.61214
0.69512
0.803226
0.991624
0.516424
0.315009
0.266527
0.077454
0.578694
0.774994
0.489403
0.99038
0.210789
0.366147
0.440154
0.912619
0.202758
0.258127
0.646703
0.171228
0.612974
0.415864
0.941628
0.506531
0.869346
0.959859
0.430153
0.628072
0.551768
0.587185
0.502992
0.50815
0.529524
0.831686
0.419153
0.081668
0.597093
0.668033
0.518161
0.251316
0.372495
0.895369
0.494454
0.756313
0.774722
0.797529
0.876157
0.550847
0.39673
0.553798
0.370058
0.455287
0.329039
0.85071
0.752361
0.86436
0.644607
0.041563
0.028584
0.899693
0.562805
0.351212
0.201162
0.193318
0.550931
0.512958
0.439578
0.407544
0.114772
0.194567
0.421917
0.551858
0.143341
0.033843
0.559207
0.074043
0.451202
0.427564
0.484783
0.981944
0.337299
0.679438
0.153906
0.651832
0.496342
0.477412
0.109273
0.550708
0.164011
0.772144
0.214581
0.244922
0.946926
0.55765
0.534011
0.641362
0.444875
0.37657
0.340314
0.777294
0.398085
0.618553
0.94747
0.615573
0.215994
0.648538
0.866768
0.896738
0.490825
0.900776
0.920553
0.725241
0.961359
0.743202
0.04308
0.755108
0.21346
0.072557
0.619595
0.465918
0.927592
0.636537
0.609334
0.936314
0.821106
0.750063
0.587756
0.553754
0.814205
0.008125
0.363064
0.306689
0.034576
0.775475
0.21936
0.744549
0.363941
0.603938
0.197931
0.766248
0.355114
0.486945
0.920396
0.83719
0.312325
0.830195
0.198667
0.639451
0.354737
0.39862
0.7036
0.155647
0.884083
0.351128
0.732605
0.990586
0.723267
0.962322
0.300931
0.021324
0.090611
0.509507
0.045322
0.143505
0.710262
0.745223
0.841802
0.778988
0.438681
0.080107
0.811122
0.738999
0.392984
0.25611
0.829605
0.141182
0.74176
0.909519
0.791415
0.989619
0.878396
0.633487
0.615623
0.652642
0.333183
0.214889
0.144577
0.493731
0.428321
0.053352
0.005047
0.194165
0.876518
0.199396
0.870097
0.273282
0.776485
0.250342
0.095606
0.527231
0.109203
0.50112
0.387562
0.005263
0.439544
0.17829
0.079188
0.613025
0.766302
0.800081
0.407725
0.718695
0.488399
0.385625
0.09629
0.678029
0.395467
0.877032
0.26514
0.308716
0.953725
0.623992
0.980843
0.817894
0.865064
0.78129
0.970986
0.549984
0.28136
0.741632
0.810196
0.083701
0.346263
0.521648
0.774653
0.770847
0.041307
0.629433
0.053547
0.310988
0.162
0.770957
0.13684
0.034281
0.200538
0.776637
0.341103
0.963002
0.39858
0.570363
0.056335
0.262782
0.810534
0.943809
0.484114
0.21991
0.031086
0.974959
0.371068
0.662404
0.123345
0.181719
0.155516
0.475052
0.114433
0.536879
0.135304
0.844724
0.074583
0.593909
0.338532
0.127072
0.524758
0.594738
0.698078
0.061445
0.956435
0.33477
0.378812
0.146564
0.324909
0.749206
0.120965
0.594121
0.310559
0.826443
0.766877
0.093083
0.341885
0.93952
0.109006
0.064389
0.694991
0.574928
0.3466
0.564464
0.148399
0.251218
0.991298
0.62387
0.52972
0.683914
0.535898
0.94003
0.334981
0.482394
0.461689
0.233844
0.35543
0.569417
0.249807
0.660165
0.503722
0.724266
0.878483
0.874507
0.660767
0.866543
0.932494
0.96104
0.506777
0.128528
0.462584
0.250319
0.874433
0.068094
0.597483
0.875015
0.263803
0.79667
0.209216
0.550146
0.491855
0.387484
0.135871
0.876777
0.86371
0.875607
0.180069
0.955334
0.183186
0.126414
0.467265
0.439343
0.874127
0.296335
0.998636
0.831333
0.05788
0.900217
0.54724
0.731393
0.345743
0.54964
0.906903
0.894487
0.959458
0.133706
0.870719
0.534494
0.066168
0.56858
0.544589
0.195198
0.300423
0.190406
0.812225
0.832596
0.628915
0.663298
0.617538
0.697019
0.997562
0.9518
0.768573
0.827951
0.941277
0.625774
0.849986
0.646852
0.611655
0.856713
0.00833
0.410868
0.321853
0.959938
0.838545
0.151912
0.835946
0.223825
0.065416
0.731401
0.439944
0.32005
0.336516
0.210593
0.289844
0.598929
0.681849
0.0997
0.107317
0.44056
0.612897
0.506602
0.63021
0.797263
0.878061
0.174306
0.704842
0.607599
0.172169
0.352197
0.904232
0.335074
0.489808
0.290759
0.809603
0.068451
0.438805
0.786529
0.127324
0.157549
0.117976
0.503485
0.949792
0.028473
0.413804
0.091776
0.512162
0.740807
0.881744
0.521443
0.968172
0.673758
0.952515
0.366226
0.989858
0.082975
0.601861
0.276124
0.413477
0.938519
0.937735
0.141144
0.370492
0.899288
0.385249
0.607462
0.689359
0.289411
0.992209
0.868477
0.617375
0.994119
0.173127
0.37042
0.933966
0.169058
0.146594
0.158038
0.766419
0.262197
0.677211
0.729313
0.904692
0.770028
0.351675
0.558764
0.692416
0.55023
0.914559
0.75122
0.961385
0.679968
0.387026
0.850939
0.700112
0.961424
0.824765
0.560991
0.050935
0.391696
0.234726
0.797537
0.147885
0.703466
0.878621
0.637866
0.638183
0.21298
0.283169
0.83794
0.432685
0.460215
0.264932
0.873519
0.96787
0.996101
0.906664
0.636019
0.160765
0.745698
0.812457
0.835363
0.868899
0.778447
0.809119
0.519858
0.319802
0.11786
0.635922
0.308078
0.944711
0.712867
0.649071
0.20185
0.751092
0.918977
0.963857
0.28802
0.696458
0.098424
0.801498
0.879307
0.752725
0.413692
0.741704
0.705933
0.879215
0.637201
0.453074
0.498058
0.318198
0.414584
0.595966
0.732775
0.162188
0.73822
0.92263
0.475524
0.521912
0.094726
0.119398
0.132775
0.555854
0.871605
0.135175
0.45973
0.123158
0.641414
0.435883
0.754204
0.7312
0.289684
0.755675
0.892696
0.264458
0.499739
0.543282
0.20675
0.952017
0.850787
0.771959
0.65446
0.732878
0.628991
0.687169
0.556863
0.784586
0.112145
0.699574
0.600164
0.337087
0.857453
0.963917
0.356577
0.522233
0.501522
0.547072
0.495166
0.479231
0.090133
0.247506
0.881114
0.021263
0.627067
0.444704
0.190425
0.46446
0.773215
0.665624
0.304803
0.090044
0.105225
0.700899
0.407447
0.967287
0.9589
0.361168
0.996713
0.369375
0.168329
0.776446
0.465252
0.480309
0.499862
0.315117
0.087608
0.901151
0.452726
0.420294
0.766505
0.555057
0.003619
0.599937
0.013754
0.606009
0.813734
0.237316
0.390967
0.873254
0.353489
0.180521
0.387227
0.748052
0.202442
0.311441
0.062608
0.918311
0.18503
0.416557
0.677078
0.170272
0.830521
0.098408
0.469602
0.760125
0.810801
0.870047
0.217887
0.761139
0.56642
0.919319
0.656036
0.754214
0.624152
0.251336
0.610225
0.888574
0.622077
0.010507
0.81834
0.963663
0.228639
0.866289
0.797175
0.782012
0.880021
0.929555
0.343974
0.29968
0.689293
0.081111
0.18212
0.217501
0.514509
0.77272
0.540852
0.583964
0.568157
0.976254
0.210889
0.903792
0.488519
0.892069
0.260782
0.325832
0.373603
0.209916
0.301471
0.653076
0.361842
0.780953
0.361328
0.248958
0.100087
0.675773
0.747964
0.857709
0.462505
0.47757
0.088383
0.506794
0.123717
0.501266
0.09202
0.905167
0.122212
0.535679
0.703927
0.867008
0.634764
0.422875
0.431557
0.590427
0.236343
0.574127
0.849994
0.527221
0.176086
0.254688
0.049427
0.991545
0.680566
0.977784
0.235906