0.604660
0.940509
0.664560
0.437714
0.424637
0.686823
0.065637
0.156519
0.096970
0.300912
0.515213
0.813640
0.214264
0.380657
0.318058
0.468890
0.283034
0.293102
0.679085
0.218553
0.203187
0.360871
0.570673
0.862491
0.293114
0.297083
0.752573
0.206583
0.865335
0.696719
0.523820
0.028303
0.158328
0.607253
0.975242
0.079454
0.594809
0.059121
0.692025
0.301523
0.173266
0.541100
0.544156
0.278508
0.423152
0.530586
0.253540
0.282081
0.788605
0.361805
0.880543
0.297112
0.894362
0.097455
0.976917
0.074291
0.222289
0.681078
0.241515
0.311522
0.932846
0.741849
0.801055
0.730231
0.182925
0.428357
0.896992
0.682653
0.978929
0.922212
0.090837
0.493142
0.926987
0.954945
0.347954
0.690839
0.710907
0.563780
0.649489
0.551765
0.755823
0.403803
0.130651
0.985965
0.896342
0.322084
0.721148
0.644540
0.085521
0.669575
0.622728
0.369693
0.236823
0.535282
0.187246
0.238841
0.628098
0.126753
0.281330
0.410323
0.434912
0.625095
0.550147
0.623609
0.729181
0.830534
0.000514
0.736069
0.399984
0.497868
0.603978
0.409618
0.029671
0.001904
0.002843
0.915821
0.589834
0.559392
0.815405
0.878012
0.458442
0.600166
0.026265
0.845833
0.249693
0.641784
0.247467
0.173656
0.592624
0.814395
0.693838
0.030323
0.539210
0.975675
0.750763
0.294006
0.753161
0.150964
0.355767
0.831931
0.231830
0.627835
0.498394
0.089836
0.025194
0.392216
0.589383
0.929612
0.572087
0.588576
0.411763
0.552580
0.491607
0.957954
0.797209
0.107381
0.783035
0.393251
0.130414
0.190033
0.739826
0.654041
0.098384
0.520380
0.099730
0.151843
0.076190
0.315208
0.159651
0.137804
0.322611
0.539075
0.570852
0.512782
0.684175
0.653040
0.524500
0.654270
0.716368
0.636644
0.012826
0.030682
0.098031
0.369112
0.826454
0.347682
0.344315
0.253000
0.216471
0.555002
0.402071
0.506497
0.168680
0.331368
0.827928
0.700288
0.057926
0.999160
0.411540
0.111675
0.780754
0.092118
0.053495
0.714696
0.250762
0.848633
0.973882
0.212561
0.021534
0.945195
0.092970
0.645833
0.311886
0.448464
0.487239
0.082480
0.671829
0.400188
0.900275
0.949883
0.319331
0.499386
0.400432
0.019809
0.645039
0.428688
0.339597
0.887447
0.236327
0.765008
0.035755
0.727577
0.625837
0.513088
0.072448
0.724229
0.879845
0.977763
0.847500
0.832198
0.247845
0.913399
0.075037
0.835104
0.629332
0.751741
0.632003
0.096934
0.014827
0.583835
0.068756
0.998274
0.649188
0.985466
0.834806
0.332056
0.661393
0.956021
0.310510
0.184391
0.967094
0.833242
0.309548
0.805872
0.417326
0.718530
0.406737
0.895803
0.958176
0.018713
0.791672
0.423553
0.015181
0.432698
0.904776
0.855704
0.042922
0.659031
0.347859
0.503487
0.839947
0.023110
0.124364
0.261176
0.834948
0.314805
0.007681
0.899750
0.370268
0.100199
0.643204
0.769889
0.791125
0.262382
0.346864
0.214654
0.822093
0.351134
0.599194
0.578351
0.413581
0.119851
0.911614
0.053786
0.228918
0.324174
0.350765
0.349289
0.303802
0.968746
0.671527
0.207943
0.963139
0.302202
0.807941
0.134084
0.947760
0.640865
0.953259
0.809874
0.181591
0.942757
0.831241
0.494680
0.855310
0.710744
0.273495
0.407633
0.909761
0.944397
0.498632
0.288638
0.975895
0.452584
0.044991
0.315362
0.951906
0.751563
0.535791
0.669715
0.865175
0.458884
0.578551
0.481530
0.550616
0.950623
0.509865
0.742515
0.490794
0.066151
0.262491
0.925468
0.371487
0.409419
0.415752
0.097262
0.901628
0.004445
0.273925
0.109307
0.855448
0.257055
0.989132
0.926411
0.170946
0.303887
0.533451
0.176490
0.813591
0.705137
0.257208
0.250369
0.335094
0.751241
0.004880
0.840993
0.229574
0.013286
0.949937
0.899371
0.962624
0.043000
0.712663
0.051094
0.407532
0.475697
0.347468
0.040720
0.597566
0.260125
0.832856
0.960497
0.936708
0.229320
0.720313
0.756482
0.450154
0.338977
0.472492
0.985994
0.362331
0.249655
0.047868
0.789717
0.756210
0.657469
0.220999
0.657505
0.390842
0.919254
0.149685
0.520392
0.765589
0.248182
0.455444
0.699789
0.081969
0.512272
0.266382
0.622002
0.099070
0.140575
0.159204
0.944015
0.631477
0.245792
0.967505
0.536981
0.338181
0.671668
0.837466
0.733855
0.502221
0.423474
0.463039
0.953045
0.744073
0.455190
0.248417
0.719886
0.423702
0.742591
0.656848
0.682522
0.636791
0.248583
0.386861
0.769971
0.126364
0.286638
0.511339
0.198562
0.994606
0.635953
0.727319
0.412315
0.514024
0.131190
0.545603
0.845035
0.293284
0.778304
0.141779
0.654380
0.631348
0.393965
0.001412
0.565867
0.887792
0.452483
0.596179
0.642835
0.829838
0.810380
0.065935
0.081475
0.335518
0.490635
0.619030
0.627659
0.324644
0.793214
0.084187
0.254326
0.687568
0.420217
0.022131
0.216997
0.078246
0.563844
0.228575
0.367574
0.272045
0.900300
0.661830
0.445130
0.968745
0.667613
0.364400
0.006627
0.206175
0.782455
0.766431
0.808242
0.287909
0.609950
0.452204
0.226510
0.389056
0.246865
0.007528
0.153476
0.004489
0.909204
0.237841
0.327263
0.793157
0.430292
0.440095
0.099609
0.784021
0.522079
0.102188
0.848287
0.163858
0.565404
0.121197
0.275355
0.998333
0.929300
0.103289
0.210871
0.314590
0.472429
0.143267
0.375478
0.687804
0.787901
0.032816
0.096389
0.334818
0.523107
0.348580
0.180272
0.914701
0.368101
0.158455
0.091018
0.263148
0.394487
0.188955
0.755853
0.641364
0.318682
0.628397
0.278445
0.336985
0.577468
0.428255
0.110490
0.346799
0.380984
0.804993
0.883037
0.377294
0.179846
0.447303
0.189372
0.098853
0.164635
0.026525
0.651174
0.783473
0.183759
0.975135
0.731238
0.442645
0.251260
0.612437
0.022463
0.096493
0.500072
0.238191
0.281010
0.438008
0.915483
0.205463
0.702915
0.470179
0.941678
0.089558
0.769255
0.018404
0.093923
0.950828
0.063220
0.503264
0.797745
0.545387
0.404737
0.202312
0.318169
0.951172
0.791207
0.964670
0.166029
0.271577
0.649651
0.255871
0.616466
0.189277
0.960428
0.356538
0.930812
0.615404
0.675520
0.782442
0.065828
0.764263
0.724129
0.123172
0.808852
0.535041
0.545525
0.218570
0.050571
0.627972
0.618939
0.458133
0.472301
0.866936
0.567039
0.406389
0.608021
0.463638
0.854467
0.623131
0.694766
0.332190
0.691780
0.783743
0.788832
0.784591
0.852016
0.309490
0.027119
0.052763
0.178146
0.382093
0.773729
0.291793
0.373090
0.429957
0.216165
0.325081
0.501268
0.412900
0.288075
0.772810
0.241830
0.138175
0.574483
0.334416
0.055145
0.641576
0.178223
0.540843
0.653159
0.498331
0.251209
0.069209
0.655417
0.414351
0.259323
0.932308
0.026798
0.711930
0.847047
0.150611
0.147986
0.612451
0.738796
0.610093
0.860593
0.084172
0.415078
0.799948
0.211267
0.103592
0.212621
0.498237
0.162724
0.944086
0.820218
0.785115
0.244724
0.613590
0.254205
0.615485
0.204328
0.072263
0.525427
0.910508
0.465564
0.860608
0.783551
0.833797
0.897952
0.578140
0.294220
0.078798
0.977598
0.550420
0.424216
0.478659
0.056832
0.180390
0.240769
0.658201
0.416533
0.771875
0.129207
0.202459
0.101173
0.757954
0.810012
0.513965
0.185761
0.012481
0.540289
0.977023
0.795296
0.486819
0.540751
0.951960
0.734403
0.468774
0.325186
0.424288
0.540622
0.541541
0.638555
0.746489
0.349340
0.793799
0.185606
0.642311
0.297765
0.709309
0.833912
0.580471
0.644224
0.019875
0.914027
0.722826
0.656274
0.842902
0.099331
0.972798
0.513739
0.174951
0.875454
0.671225
0.011610
0.760825
0.402459
0.090333
0.401656
0.099171
0.067128
0.187994
0.464130
0.158470
0.282366
0.097663
0.926082
0.946046
0.610520
0.149024
0.023056
0.739291
0.073232
0.899905
0.532028
0.807746
0.720858
0.545848
0.250667
0.357945
0.891187
0.799403
0.266549
0.447291
0.128336
0.775079
0.318659
0.403289
0.565929
0.071901
0.289877
0.606723
0.826261
0.629588
0.161215
0.210031
0.726130
0.584104
0.924021
0.467596
0.741298
0.502597
0.283578
0.945022
0.308700
0.735668
0.370114
0.125467
0.007672
0.013934
0.470341
0.539482
0.750387
0.476966
0.860784
0.156042
0.541639
0.268566
0.947728
0.777830
0.737417
0.597277
0.073294
0.539179
0.686396
0.268431
0.041321
0.648045
0.413048
0.907423
0.073140
0.702460
0.171301
0.888864
0.906370
0.628937
0.630973
0.015957
0.222980
0.644637
0.517682
0.086363
0.241768
0.774204
0.728496
0.597006
0.253019
0.864844
0.506764
0.913757
0.854651
0.688380
0.304985
0.273734
0.750951
0.725276
0.328914
0.278313
0.917923
0.896462
0.812813
0.603617
0.962712
0.123267
0.609049
0.213972
0.909349
0.809920
0.756342
0.589582
0.286758
0.082349
0.160647
0.472171
0.232199
0.619459
0.704397
0.434299
0.455351
0.698630
0.906805
0.327004
0.599211
0.038934
0.130853
0.708602
0.905309
0.645724
0.861774
0.820460
0.419098
0.881321
0.804997
0.686955
0.689029
0.918173
0.005583
0.186373
0.877219
0.974318
0.534744
0.748552
0.561108
0.015954
0.134508
0.138121
0.088393
0.820762
0.981016
0.235062
0.015903
0.480348
0.190034
0.907813
0.239553
0.013954
0.383216
0.026039
0.506672
0.444025
0.244141
0.782756
0.628120
0.952574
0.411669
0.982116
0.244177
0.999542
0.140208
0.466861
0.516738
0.105744
0.543322
0.566571
0.021115
0.406980
0.950142
0.929038
0.797484
0.485682
0.290480
0.328577
0.701227
0.098609
0.122316
0.481311
0.100887
0.926744
0.346662
0.340546
0.171434
0.620687
0.519344
0.309882
0.399864
0.167168
0.218010
0.929525
0.640563
0.501779
0.602722
0.180616
0.786431
0.508215
0.605714
0.701917
0.724099
0.170701
0.117815
0.033920
0.168891
0.649193
0.583019
0.135213
0.308372
0.990883
0.500357
0.323587
0.441284
0.099832
0.893052
0.291863
0.065733
0.892230
0.119343
0.169927
0.800025
0.361298
0.590810
0.770509
0.450673
0.415082
0.732794
0.296771
0.427177
0.134273
0.959311
0.526745
0.314291
0.984058
0.516642
0.114904
0.180498
0.198091
0.762540
0.296060
0.137332
0.268594
0.943485
0.705998
0.407900
0.545947
0.164753
0.533701
0.662440
0.156496
0.286257
0.536029
0.821896
0.796849
0.002106
0.043346
0.604274
0.759530
0.142456
0.412435
0.009407
0.683278
0.598291
0.136314
0.592553
0.825130
0.562211
0.020173
0.932066
0.919319
0.406887
0.002251
0.521365
0.668673
0.602894
0.293042
0.785815
0.271638
0.126153
0.843202
0.026269
0.818666
0.319085
0.919419
0.540454
0.886620
0.085264
0.303503
0.313427
0.397739
0.992894
0.973371
0.068363
0.096963
0.545068
0.220309
0.703250
0.683842
0.608134
0.392128
0.517380
0.613698
0.806209
0.368966
0.413942
0.734401
0.533531
0.822773
0.838115
0.774213
0.564052
0.936359
0.060312
0.163328
0.209653
0.261997
0.701503
0.890558
0.561613
0.967384
0.555212
0.424628
0.384617
0.909212
0.540611
0.848028
0.439660
0.182547
0.566021
0.740907
0.903579
0.693023
0.474606
0.823776
0.414476
0.221290
0.195333
0.683089
0.154664
0.397811
0.277921
0.153234
0.636466
0.784449
0.020447
0.132183
0.882478
0.844945
0.879520
0.672060
0.214299
0.828106
0.381027
0.775098
0.967032
0.355051
0.077615
0.420055
0.809578
0.580339
0.272067
0.680251
0.828565
0.539785
0.592903
0.390352
0.039729
0.188291
0.291421
0.750613
0.156083
0.705438
0.548790
0.432456
0.158500
0.936614
0.504283
0.654859
0.240804
0.251665
0.735319
0.626686
0.808414
0.460250
0.075662
0.774034
0.327027
0.185250
0.663989
0.176679
0.467189
0.241343
0.055402
0.286292
0.450717
0.744811
0.197754
0.598944
0.328624
0.994369
0.785807
0.853664
0.944698
0.656757
0.969845
0.060978
0.949453
0.265982
0.191197
0.812367
0.628390
0.156972
0.234614
0.588465
0.058954
0.262026
0.673070
0.931386
0.685811
0.892949
0.377992
0.181231
0.103512
0.152471
0.044443
0.600595
0.394853
0.307361
0.286020
0.425865
0.497961
0.816406
0.184428
0.562346
0.950715
0.931415
0.431531
0.682767
0.377321
0.192973
0.822442
0.637581
0.596257
0.910571
0.285576
0.728296
0.101086
0.966001
0.111019
0.767055
0.862872
0.846446
0.604483
0.909740
0.461785
0.892187
0.559116
0.222005
0.248659
0.138283
0.768015
0.872165
0.034104
0.785049
0.335914
0.248585
0.965417
0.457190
0.803747
0.481197
0.840405
0.297494
0.485660
0.512932
0.955292
0.969831
0.343410
0.196010
0.701956
0.761165
0.517306
0.082101
0.282676
0.873447
0.753545
0.657448
0.424914
0.394320
0.704763
0.353808
0.665040
0.361173
0.308102
0.374508
0.695714
0.645955
0.412085
0.628895
0.955924
0.385954
0.795102
0.678386
0.203482
0.614728
0.941097
0.573615
0.916366
0.543440
0.826833
0.027545
0.348702
0.910526
0.908511
0.876128
0.878688
0.804078
0.790169
0.822978
0.345895
0.376021
0.637294
0.875061
0.654732
0.448980
0.480114
0.642114
0.581964
0.246830
0.656936
0.858479
0.375015
0.346784
0.484697
0.534834
0.593786
0.063855
0.996921
0.376104
0.658926
0.460163
0.598313
0.226286
0.998118
0.384485
0.552671
0.945581
0.147333
0.659726
0.473431
0.026584
0.929839
0.542686
0.615077
0.155477
0.021125
0.420258
0.677373
0.350466
0.400585
0.271026
0.315984
0.853716
0.374761
0.788190
0.460190
0.609114
0.048923
0.279470
0.689083
0.028436
0.108130
0.148756
0.933669
0.155935
0.360187
0.155549
0.162765
0.599548
0.376712
0.831296
0.532083
0.672027
0.354684
0.208275
0.956234
0.974340
0.886155
0.865927
0.104899
0.800834
0.863356
0.075352
0.142335
0.430666
0.095854
0.396227
0.670037
0.943069
0.938360
0.841316
0.281719
0.633150
0.928901
0.367708
0.851493
0.756972
0.921439
0.340559
0.167336
0.805853
0.832114
0.177719
0.137102
0.351152
0.053139
0.168494
0.592194
0.741304
0.678031
0.133145
0.202891
0.770707
0.471464
0.480848
0.275397
0.509363
0.550177
0.285691
0.758340
0.643544
0.491957
0.099455
0.187062
0.098328
0.309839
0.989780
0.749816
0.319034
0.974456
0.963750
0.655887
0.032719
0.253210
0.439661
0.650460
0.857491
0.168125
0.528614
0.062080
0.511955
0.668794
0.711145
0.791147
0.485706
0.103652
0.669198
0.616291
0.617301
0.042599
0.274755
0.963080
0.401406
0.773956
0.540483
0.780522
0.741798
0.554724
0.492038
0.392856
0.610802
0.506367
0.401764
0.696829
0.957108
0.742528
0.851067
0.285695
0.600818
0.076936
0.172432
0.910620
0.708880
0.898731
0.870159
0.931175
0.963110
0.185471
0.311973
0.126870
0.179834
0.845142
0.540462
0.581329
0.682977
0.454965
0.854463
0.877747
0.373357
0.878908
0.312776
0.203823
0.098832
0.029482
0.460673
0.939673
0.793478
0.776318
0.860064
0.741336
0.187873
0.272348
0.664079
0.275322
0.983089
0.109752
0.828456
0.530030
0.989972
0.162594
0.556437
0.664631
0.017824
0.094059
0.462083
0.885380
0.735336
0.618342
0.367094
0.537911
0.420890
0.042466
0.667757
0.019604
0.573012
0.559120
0.723133
0.703222
0.341497
0.434958
0.842636
0.431507
0.338491
0.229749
0.401513
0.313447
0.620168
0.651053
0.043685
0.790594
0.324426
0.431072
0.717859
0.241514
0.707340
0.989914
0.522230
0.887401
0.136761
0.683487
0.931586
0.838345
0.948903
0.136564
0.293160
0.313747
0.719771
0.356624
0.939891
0.645498
0.552293
0.095756
0.472662
0.491698
0.338424
0.244957
0.224597
0.021708
0.891239
0.502653
0.713850
0.029122
0.117313
0.356123
0.049929
0.009135
0.030828
0.357439
0.979575
0.730822
0.136832
0.163523
0.517329
0.996708
0.156638
0.184943
0.054597
0.616148
0.698125
0.571639
0.222528
0.748609
0.259659
0.039096
0.161446
0.854999
0.090411
0.236751
0.317885
0.234556
0.114737
0.410024
0.827817
0.109355
0.181332
0.361499
0.306490
0.375368
0.053027
0.269169
0.588616
0.759558
0.366484
0.318447
0.995573
0.434916
0.734421
0.325404
0.821150
0.781556
0.268183
0.120975
0.851258
0.686107
0.048778
0.150487
0.801938
0.922463
0.419501
0.135860
0.363214
0.263528
0.205725
0.143339
0.288628
0.346847
0.696209
0.451995
0.497519
0.424144
0.106250
0.305546
0.784612
0.377243
0.696836
0.205729
0.017124
0.364771
0.242491
0.510369
0.708051
0.662776
0.107005
0.844180
0.467630
0.834882
0.284791
0.843101
0.105260
0.079505
0.268327
0.079383
0.530914
0.666446
0.843929
0.653323
0.860967
0.287028
0.258381
0.759223
0.442804
0.009232
0.770229
0.098895
0.617929
0.449358
0.263255
0.194355
0.079408
0.987160
0.911279
0.660724
0.218485
0.019765
0.288155
0.074210
0.784891
0.878586
0.268291
0.482733
0.618540
0.382654
0.303408
0.863853
0.195206
0.783297
0.795196
0.490456
0.827218
0.603477
0.556025
0.688000
0.388398
0.698151
0.189418
0.855492
0.091325
0.213874
0.214512
0.793850
0.228437
0.691943
0.271734
0.773952
0.370296
0.601703
0.352761
0.453090
0.658864
0.093826
0.000908
0.526513
0.583210
0.122783
0.402741
0.583954
0.339977
0.281391
0.684101
0.434821
0.029330
0.315813
0.807332
0.832092
0.701700
0.084853
0.851493
0.354919
0.020449
0.004301
0.922161
0.385267
0.097382
0.304615
0.793098
0.553825
0.778251
0.542219
0.145474
0.791216
0.566498
0.087071
0.093903
0.534885
0.922758
0.960517
0.390907
0.263316
0.727032
0.534714
0.706312
0.913143
0.471811
0.703128
0.243552
0.287123
0.320902
0.211287
0.095757
0.498916
0.325108
0.292520
0.899836
0.124487
0.776631
0.318939
0.516127
0.234754
0.845071
0.455142
0.338444
0.450222
0.238257
0.330471
0.991657
0.203074
0.758048
0.638762
0.352569
0.976680
0.673743
0.653387
0.988629
0.165700
0.240220
0.266701
0.348228
0.567381
0.344927
0.576797
0.647920
0.998255
0.404803
0.903615
0.380960
0.604474
0.420946
0.213880
0.941838
0.777140
0.885666
0.632150
0.849548
0.586452
0.104142
0.649244
0.927325
0.600289
0.367907
0.703461
0.990913
0.289232
0.727930
0.532181
0.233198
0.256264
0.422584
0.719025
0.811708
0.536177
0.541053
0.502236
0.596212
0.483708
0.527287
0.155429
0.869019
0.531397
0.067399
0.862178
0.617966
0.801810
0.788228
0.442145
0.130208
0.083314
0.467142
0.816984
0.872007
0.877273
0.961922
0.889315
0.192607
0.029019
0.722639
0.739334
0.245367
0.294922
0.952958
0.926762
0.650253
0.483174
0.907553
0.471112
0.714027
0.716848
0.842842
0.642643
0.695404
0.387905
0.722410
0.830817
0.189848
0.084568
0.753434
0.023827
0.811311
0.942498
0.878804
0.388591
0.658045
0.926474
0.022713
0.246065
0.184472
0.760804
0.023210
0.349381
0.099955
0.095594
0.633506
0.195659
0.477270
0.914138
0.533060
0.480153
0.642032
0.434732
0.945589
0.480324
0.125945
0.034230
0.076956
0.936828
0.179894
0.749165
0.970173
0.316174
0.695548
0.606735
0.360507
0.373647
0.302831
0.910328
0.095715
0.607589
0.723138
0.072857
0.843023
0.892185
0.019503
0.691471
0.990483
0.350165
0.244740
0.353835
0.501116
0.326109
0.209898
0.631575
0.327799
0.640094
0.673291
0.332182
0.076304
0.907018
0.325372
0.304092
0.251635
0.087253
0.285146
0.642866
0.311894
0.388385
0.156564
0.429955
0.572326
0.644513
0.379197
0.805940
0.809432
0.234885
0.008285
0.331538
0.338097
0.568951
0.420350
0.559181
0.390194
0.638607
0.253348
0.056480
0.942923
0.227654
0.431577
0.582879
0.552936
0.223642
0.891428
0.943952
0.424125
0.983153
0.963664
0.711574
0.850765
0.987946
0.074863
0.020714
0.387575
0.763352
0.568558
0.422787
0.750084
0.202777
0.578097
0.137661
0.878851
0.171130
0.465059
0.428113
0.595425
0.089530
0.189679
0.397135
0.196550
0.526279
0.061143
0.244057
0.865672
0.973127
0.210292
0.051809
0.286314
0.786302
0.237252
0.147891
0.999428
0.507552
0.916967
0.029213
0.492021
0.371601
0.057440
0.090655
0.977461
0.838687
0.982646
0.926243
0.756716
0.548958
0.013683
0.626322
0.066612
0.075861
0.637247
0.379594
0.293225
0.566302
0.452474
0.490362
0.450378
0.825360
0.844553
0.696092
0.662959
0.790845
0.677583
0.207302
0.943010
0.353621
0.464497
0.535418
0.149376
0.182599
0.460644
0.428450
0.186567
0.288586
0.987732
0.227272
0.025902
0.330777
0.558794
0.007641
0.066514
0.855558
0.373070
0.266412
0.166154
0.159455
0.412717
0.893052
0.757202
0.415541
0.208110
0.480666
0.558556
0.851022
0.773068
0.749992
0.264211
0.302036
0.319326
0.498987
0.283950
0.005621
0.980551
0.553392
0.515093
0.129826
0.112611
0.811997
0.708315
0.848777
0.817621
0.161520
0.713322
0.283976
0.494387
0.467787
0.181618
0.050884
0.158426
0.845376
0.166979
0.101288
0.411089
0.545974
0.460087
0.521416
0.748506
0.272381
0.475851
0.334530
0.278554
0.456276
0.225044
0.715160
0.427777
0.533098
0.806719
0.050488
0.971930
0.446422
0.331840
0.778201
0.604739
0.686645
0.747945
0.484966
0.911043
0.334090
0.762653
0.697258
0.507657
0.559701
0.566930
0.143529
0.781800
0.913124
0.314526
0.525970
0.485882
0.373386
0.186396
0.249050
0.906070
0.556663
0.148356
0.181334
0.872392
0.096917
0.701352
0.342578
0.481869
0.233533
0.875162
0.077860
0.454899
0.529170
0.184012
0.586144
0.378505
0.180275
0.813875
0.159474
0.929552
0.116058
0.599148
0.972113
0.485945
0.393115
0.409341
0.353277
0.552283
0.417161
0.559636
0.085353
0.575909
0.114694
0.926429
0.284013
0.725280
0.350542
0.055938
0.968195
0.439481
0.893744
0.778288
0.087486
0.672296
0.745477
0.615870
0.391334
0.731086
0.282407
0.641149
0.232546
0.771113
0.240467
0.069564
0.999661
0.077128
0.074100
0.307619
0.688608
0.921804
0.467268
0.102444
0.760775
0.365205
0.371344
0.486573
0.418210
0.876844
0.991176
0.566738
0.191041
0.317043
0.153189
0.413448
0.432968
0.448752
0.591635
0.018234
0.364921
0.657554
0.745180
0.189514
0.938810
0.962960
0.374770
0.240856
0.543853
0.560289
0.829436
0.113094
0.606280
0.689925
0.271608
0.245288
0.438972
0.789093
0.055286
0.978943
0.362425
0.363514
0.794790
0.846407
0.758662
0.366981
0.180056
0.290799
0.120335
0.435148
0.461183
0.135718
0.957015
0.293491
0.859475
0.397957
0.084411
0.969081
0.585682
0.787558
0.992574
0.713145
0.286148
0.800437
0.985856
0.015309
0.932690
0.262995
0.880216
0.932631
0.294940
0.476640
0.464878
0.605662
0.592056
0.910503
0.709602
0.626449
0.071259
0.338837
0.544695
0.545525
0.680056
0.157122
0.769657
0.606447
0.534896
0.478571
0.755276
0.565956
0.136848
0.077815
0.888740
0.499410
0.201131
0.946008
0.044871
0.623168
0.798574
0.504908
0.334903
0.558594
0.255788
0.762248
0.596634
0.430156
0.647680
0.273660
0.245574
0.315816
0.671771
0.299569
0.218984
0.478845
0.065981
0.905453
0.132428
0.209114
0.555822
0.749292
0.363888
0.976449
0.689082
0.120392
0.458301
0.062538
0.358029
0.828975
0.378663
0.783867
0.217658
0.101467
0.067422
0.382071
0.956280
0.389195
0.568895
0.743409
0.752694
0.174443
0.441302
0.850362
0.237440
0.796480
0.365888
0.683114
0.474767
0.834845
0.115704
0.656955
0.339775
0.503289
0.206111
0.390888
0.077933
0.858007
0.308191
0.683651
0.890861
0.354216
0.853789
0.639992
0.384119
0.248591
0.807224
0.818861
0.417145
0.428304
0.572526
0.314200
0.885458
0.380090
0.873291
0.014430
0.882900
0.249102
0.703639
0.808540
0.069408
0.483668
0.571607
0.833446
0.603662
0.748796
0.124880
0.839647
0.204409
0.852036
0.322846
0.285242
0.817001
0.901564
0.670284
0.228423
0.842996
0.017116
0.739603
0.688040
0.669091
0.972851
0.115222
0.673938
0.181400
0.213088
0.555559
0.309229
0.022020
0.179825
0.662753
0.093352
0.830809
0.950184
0.834315
0.247305
0.310873
0.460278
0.529316
0.785807
0.293339
0.310797
0.643190
0.119718
0.367536
0.865682
0.724710
0.664311
0.559041
0.178414
0.111336
0.186433
0.746412
0.883736
0.804788
0.448706
0.657482
0.648239
0.832346
0.228377
0.908529
0.112140
0.221049
0.889454
0.093336
0.919397
0.155848
0.569061
0.103196
0.270123
0.795448
0.815411
0.792679
0.212720
0.673904
0.770006
0.227709
0.335889
0.908496
0.170800
0.139438
0.562461
0.487877
0.268607
0.693008
0.171721
0.833756
0.261565
0.493752
0.979801
0.314931
0.294582
0.030086
0.000862
0.957872
0.171781
0.829357
0.938380
0.816470
0.477623
0.208048
0.013987
0.181977
0.806115
0.599255
0.821993
0.756585
0.275609
0.070477
0.177016
0.224759
0.375465
0.327556
0.980226
0.676279
0.291395
0.680268
0.991245
0.373986
0.699613
0.986170
0.724151
0.340811
0.639446
0.193794
0.025094
0.590364
0.520418
0.222985
0.751761
0.887320
0.873704
0.734683
0.535609
0.104888
0.396654
0.440470
0.731619
0.026301
0.507827
0.337154
0.496229
0.986347
0.727070
0.795655
0.834829
0.438549
0.867343
0.389206
0.467064
0.121095
0.157267
0.812103
0.477867
0.807062
0.684045
0.703628
0.636313
0.045177
0.339691
0.516425
0.258799
0.472893
0.511791
0.260430
0.935034
0.149931
0.797059
0.681966
0.499075
0.235875
0.013694
0.878085
0.158512
0.623983
0.187560
0.857419
0.068442
0.313687
0.199612
0.178773
0.179409
0.857768
0.561217
0.375388
0.371733
0.086100
0.220278
0.837507
0.770082
0.366358
0.604052
0.013363
0.437180
0.758256
0.391383
0.501517
0.483442
0.193825
0.179512
0.983092
0.871322
0.165087
0.189527
0.739941
0.654924
0.263234
0.930558
0.329610
0.053927
0.980316
0.153142
0.596689
0.319174
0.317850
0.786676
0.726532
0.891858
0.698489
0.595962
0.941390
0.529158
0.294035
0.806775
0.379292
0.307188
0.291147
0.464557
0.578621
0.482559
0.450338
0.812952
0.609081
0.725821
0.384734
0.493112
0.136675
0.023742
0.033732
0.513779
0.682542
0.982320
0.751812
0.144917
0.148976
0.711376
0.560729
0.296766
0.368349
0.916620
0.840654
0.234434
0.440367
0.439819
0.367899
0.480111
0.706605
0.459979
0.885838
0.186818
0.112087
0.983447
0.880778
0.062888
0.764578
0.710817
0.224643
0.569383
0.677389
0.673746
0.926685
0.910941
0.751550
0.423030
0.948164
0.107025
0.982823
0.786261
0.209440
0.553330
0.026214
0.492995
0.839769
0.550118
0.311144
0.147777
0.460357
0.677925
0.294937
0.698554
0.390186
0.006015
0.854194
0.828546
0.385569
0.008274
0.431140
0.596941
0.421198
0.036225
0.867785
0.873042
0.952893
0.412745
0.357563
0.132845
0.269509
0.333302
0.531255
0.316494
0.440829
0.082708
0.300900
0.423164
0.423408
0.455187
0.828033
0.216312
0.683303
0.886230
0.377633
0.843017
0.672801
0.579123
0.368051
0.797296
0.042162
0.650164
0.615685
0.758770
0.059328
0.378320
0.688464
0.429946
0.860646
0.493430
0.365305
0.427866
0.197951
0.612124
0.794105
0.818356
0.697900
0.328546
0.622130
0.843167
0.184651
0.120326
0.101846
0.005910
0.940628
0.595141
0.918745
0.624404
0.473504
0.821967
0.031260
0.390266
0.679378
0.393457
0.828495
0.637281
0.761602
0.228055
0.609108
0.556057
0.486744
0.331258
0.358177
0.078407
0.844450
0.373133
0.625979
0.389381
0.886379
0.278894
0.507467
0.941833
0.303862
0.990118
0.150771
0.148336
0.631916
0.753929
0.559477
0.913700
0.358732
0.856553
0.105270
0.839742
0.920797
0.490044
0.298762
0.958283
0.210097
0.733926
0.048788
0.547071
0.577377
0.007525
0.080054
0.308338
0.327670
0.002014
0.800134
0.018696
0.260890
0.455430
0.452592
0.408666
0.171099
0.920044
0.286115
0.424640
0.168526
0.731824
0.342940
0.186989
0.565915
0.720956
0.508492
0.621753
0.238177
0.361562
0.226831
0.811764
0.554995
0.881162
0.991665
0.392236
0.558117
0.512445
0.442135
0.277200
0.624004
0.844236
0.998364
0.678640
0.811878
0.141107
0.363797
0.873007
0.816117
0.389064
0.427142
0.311052
0.607263
0.215618
0.205794
0.222340
0.725996
0.058867
0.389126
0.117583
0.142369
0.232538
0.802073
0.919240
0.932022
0.915536
0.333372
0.443787
0.460007
0.637966
0.849340
0.452335
0.226274
0.813541
0.370326
0.863942
0.846956
0.988615
0.025919
0.741753
0.238303
0.345143
0.480325
0.860275
0.090072
0.724416
0.066276
0.286625
0.347418
0.839791
0.551099
0.681099
0.288255
0.903532
0.574234
0.719107
0.605004
0.984637
0.396399
0.927246
0.544468
0.226725
0.069770
0.259508
0.239819
0.586086
0.941197
0.043499
0.088220
0.042394
0.723454
0.318683
0.352270
0.455993
0.831949
0.681370
0.569268
0.713788
0.670902
0.452199
0.588767
0.286708
0.623487
0.904253
0.277332
0.697577
0.374581
0.257089
0.416030
0.041785
0.180441
0.485238
0.062988
0.166472
0.985019
0.041508
0.018573
0.141626
0.949067
0.708720
0.413602
0.528458
0.336547
0.010152
0.026633
0.896414
0.868952
0.896373
0.152591
0.992666
0.816394
0.883979
0.632143
0.503986
0.856318
0.346711
0.762710
0.898522
0.673722
0.484516
0.555533
0.197797
0.379094
0.689807
0.931644
0.678015
0.779392
0.362359
0.080625
0.346465
0.395210
0.423089
0.571955
0.138263
0.182716
0.872442
0.447302
0.658638
0.832705
0.233674
0.556156
0.427660
0.247590
0.473267
0.789800
0.609284
0.836591
0.737365
0.707381
0.518762
0.940715
0.609091
0.106815
0.314269
0.809403
0.681822
0.856305
0.067422
0.134820
0.184858
0.661878
0.089946
0.007428
0.940577
0.111496
0.927619
0.030255
0.488977
0.773200
0.942228
0.627422
0.392103
0.238485
0.930054
0.977098
0.936913
0.261313
0.801614
0.360920
0.918985
0.658003
0.902309
0.180582
0.944976
0.128409
0.001651
0.021889
0.772130
0.234333
0.783624
0.612257
0.658348
0.312444
0.142595
0.794818
0.146481
0.064204
0.860778
0.606545
0.384054
0.946510
0.783622
0.407880
0.271861
0.649408
0.317554
0.281442
0.192492
0.325711
0.155323
0.833411
0.155294
0.175188
0.179718
0.589691
0.150658
0.061551
0.671398
0.855800
0.875480
0.812648
0.190957
0.932343
0.670813
0.100133
0.105144
0.740289
0.910058
0.288448
0.578279
0.138283
0.131108
0.186661
0.118626
0.846066
0.269837
0.436526
0.670713
0.926922
0.235902
0.877399
0.430867
0.272137
0.595582
0.834107
0.053569
0.668151
0.126496
0.178671
0.398809
0.255933
0.194611
0.595440
0.307963
0.294285
0.830817
0.455596
0.258923
0.892677
0.342248
0.883318
0.731929
0.341363
0.541763
0.106347
0.585081
0.882024
0.949537
0.564017
0.387474
0.450825
0.258605
0.754823
0.832052
0.858223
0.180341
0.484755
0.411133
0.963100
0.120383
0.148616
0.886594
0.566080
0.651901
0.686518
0.934819
0.195844
0.882073
0.513735
0.406264
0.050112
0.763112
0.817196
0.128539
0.956689
0.142884
0.558687
0.125816
0.940630
0.923737
0.964205
0.682992
0.389727
0.736660
0.326039
0.960956
0.349151
0.475215
0.260596
0.287426
0.720234
0.052220
0.249580
0.575457
0.841372
0.466673
0.587345
0.885727
0.559246
0.504826
0.153968
0.736624
0.306855
0.672193
0.838367
0.100359
0.381399
0.381295
0.403152
0.308632
0.620950
0.441577
0.266937
0.060893
0.485524
0.542663
0.771299
0.500249
0.521120
0.091127
0.840558
0.770186
0.541469
0.959329
0.332377
0.230355
0.614505
0.455931
0.868930
0.426687
0.782229
0.984588
0.651811
0.767540
0.466117
0.481255
0.465469
0.652720
0.069310
0.460681
0.477367
0.253537
0.811867
0.546799
0.089289
0.076350
0.603652
0.743274
0.432891
0.520090
0.625068
0.142892
0.888232
0.396694
0.399780
0.501634
0.199679
0.766574
0.551337
0.132186
0.826931
0.482201
0.046593
0.796710
0.037121
0.228832
0.823161
0.174168
0.133387
0.489242
0.790380
0.372212
0.080478
0.496923
0.726956
0.673129
0.496582
0.310937
0.985203
0.070539
0.826916
0.659246
0.829024
0.845547
0.236041
0.181036
0.864084
0.567450
0.365553
0.583978
0.682381
0.866436
0.747453
0.238698
0.409980
0.999402
0.618183
0.938777
0.320660
0.397320
0.034131
0.075730
0.435382
0.781369
0.843525
0.547182
0.754089
0.177301
0.161933
0.562909
0.527401
0.020659
0.371676
0.773965
0.073392
0.888206
0.003465
0.876074
0.638437
0.254898
0.058360
0.450589
0.615973
0.554106
0.303044
0.990035
0.353084
0.925263
0.043938
0.244135
0.587875
0.570360
0.472314
0.684218
0.395304
0.020351
0.495095
0.439553
0.149429
0.482247
0.450055
0.529270
0.482178
0.002442
0.664363
0.166638
0.971141
0.180387
0.154755
0.495344
0.457718
0.027743
0.420279
0.814295
0.656664
0.360773
0.684606
0.006971
0.450399
0.550951
0.525794
0.856966
0.471817
0.274240
0.238002
0.476089
0.602882
0.013098
0.605845
0.889584
0.887711
0.539104
0.761710
0.190281
0.033974
0.605144
0.249937
0.468185
0.902440
0.782451
0.560223
0.904133
0.337048
0.197610
0.509428
0.875125
0.548571
0.706712
0.763267
0.801831
0.098579
0.124874
0.848026
0.671504
0.249223
0.970037
0.924128
0.456237
0.896735
0.852801
0.246822
0.280517
0.404718
0.196561
0.789752
0.514185
0.932367
0.767788
0.652784
0.486856
0.649189
0.572055
0.735706
0.711813
0.369210
0.102965
0.769818
0.715455
0.141138
0.368769
0.280795
0.922193
0.465880
0.295275
0.631739
0.380802
0.221433
0.744603
0.459235
0.992222
0.352966
0.266962
0.110501
0.299387
0.034930
0.197996
0.405830
0.245994
0.848519
0.554576
0.738627
0.619005
0.246005
0.970908
0.253156
0.115958
0.086823
0.166786
0.876810
0.607474
0.672887
0.518007
0.931262
0.044258
0.991330
0.717397
0.738674
0.126173
0.979652
0.610041
0.930645
0.713189
0.696092
0.891333
0.972264
0.535695
0.000097
0.009897
0.198497
0.930285
0.072716
0.125161
0.225782
0.662460
0.358377
0.545032
0.033755
0.065198
0.912123
0.936394
0.262457
0.394816
0.700868
0.179067
0.954022
0.709072
0.338093
0.109528
0.386899
0.769663
0.178889
0.332998
0.232234
0.204355
0.643193
0.357586
0.348393
0.759519
0.541408
0.221768
0.671549
0.074725
0.649027
0.508225
0.043455
0.040937
0.885122
0.608486
0.713793
0.267542
0.571960
0.001332
0.376217
0.810739
0.697324
0.271874
0.184765
0.938629
0.528686
0.829926
0.556816
0.803217
0.384032
0.472023
0.131507
0.914151
0.138448
0.638084
0.846777
0.680004
0.626849
0.641410
0.856602
0.893208
0.768826
0.394011
0.636502
0.588219
0.909931
0.111416
0.077700
0.707620
0.208349
0.395384
0.356849
0.476877
0.424169
0.271424
0.899853
0.566352
0.570445
0.225022
0.656625
0.768112
0.702745
0.917244
0.887941
0.959495
0.499719
0.216354
0.023443
0.197502
0.265348
0.251649
0.580224
0.418355
0.690897
0.998746
0.286110
0.241671
0.843029
0.597992
0.094897
0.408712
0.332819
0.851412
0.823154
0.023966
0.032420
0.817076
0.343774
0.146952
0.604417
0.545975
0.162284
0.320743
0.482685
0.486995
0.416665
0.340012
0.886226
0.665070
0.151311
0.927312
0.346962
0.768564
0.546772
0.119438
0.874014
0.985228
0.429249
0.900256
0.590847
0.350585
0.468882
0.146037
0.168733
0.950837
0.218148
0.874188
0.129360
0.081073
0.160262
0.229447
0.891628
0.562803
0.348907
0.059572
0.589728
0.543096
0.318650
0.337471
0.367786
0.905021
0.686382
0.252983
0.047969
0.212821
0.788433
0.932197
0.480238
0.240199
0.160235
0.362385
0.594331
0.179199
0.793002
0.178717
0.085180
0.709698
0.327368
0.415247
0.571407
0.744015
0.606526
0.896531
0.375138
0.695853
0.695090
0.257365
0.408762
0.013935
0.710070
0.590477
0.393110
0.110248
0.139838
0.136849
0.267229
0.787057
0.636766
0.740365
0.738744
0.359892
0.926487
0.208946
0.590489
0.907226
0.872346
0.104710
0.401213
0.025144
0.854452
0.268711
0.052647
0.639051
0.980185
0.402008
0.172533
0.244811
0.910383
0.447603
0.633337
0.713393
0.432832
0.342251
0.095866
0.315719
0.886587
0.177698
0.987316
0.790546
0.686322
0.562236
0.114685
0.791592
0.450598
0.465150
0.536096
0.396621
0.924321
0.048925
0.142880
0.414518
0.938360
0.966301
0.174867
0.847578
0.388953
0.338173
0.916808
0.948653
0.659719
0.478916
0.529063
0.534453
0.549187
0.391439
0.247065
0.273483
0.285411
0.722876
0.877311
0.109413
0.188720
0.858184
0.280160
0.868729
0.148264
0.010811
0.721755
0.813759
0.663609
0.598795
0.839685
0.874763
0.290142
0.228196
0.730305
0.595537
0.317861
0.492782
0.761103
0.528312
0.384084
0.118459
0.004708
0.241694
0.276961
0.375118
0.606961
0.018470
0.521475
0.144481
0.344353
0.264884
0.566541
0.404847
0.967677
0.092916
0.941580
0.245123
0.950004
0.663644
0.744131
0.195333
0.324738
0.791809
0.244180
0.914473
0.411420
0.227925
0.156587
0.867393
0.956798
0.162762
0.914489
0.093567
0.804049
0.702318
0.737025
0.670482
0.410425
0.130647
0.127148
0.316847
0.734476
0.661529
0.954867
0.574492
0.675289
0.854725
0.790882
0.905967
0.278432
0.644629
0.759449
0.851741
0.966371
0.388028
0.213541
0.688149
0.146677
0.214194
0.527137
0.415848
0.398033
0.922794
0.130635
0.943357
0.260413
0.748298
0.211775
0.459099
0.088916
0.611501
0.704016
0.977799
0.918454
0.691106
0.332317
0.385377
0.109015
0.341744
0.725271
0.177745
0.859239
0.543303
0.687430
0.429410
0.918824
0.832096
0.446710
0.637948
0.653433
0.134278
0.678335
0.362454
0.402943
0.342708
0.766286
0.752227
0.722926
0.308498
0.250712
0.164208
0.869393
0.810186
0.104949
0.635021
0.570765
0.121709
0.893427
0.947426
0.890226
0.037308
0.066065
0.787352
0.463634
0.370918
0.883689
0.816445
0.841647
0.085905
0.431643
0.702649
0.059498
0.173893
0.250765
0.593365
0.916149
0.911135
0.214060
0.252410
0.074423
0.724233
0.839827
0.259262
0.518248
0.249211
0.447760
0.945104
0.547317
0.625942
0.392010
0.145464
0.299986
0.718544
0.222049
0.177931
0.905119
0.825769
0.724131
0.182734
0.904921
0.733339
0.488999
0.368762
0.119420
0.795422
0.451519
0.198412
0.931599
0.098421
0.178976
0.480896
0.759705
0.628462
0.254929
0.228383
0.960086
0.928705
0.256880
0.081456
0.592549
0.733340
0.306924
0.133927
0.917189
0.746815
0.469818
0.768483
0.145571
0.412227
0.890009
0.348507
0.845375
0.451470
0.560837
0.755811
0.690956
0.570273
0.777092
0.989850
0.665628
0.782682
0.604027
0.514362
0.779306
0.062803
0.591444
0.267650
0.125061
0.896308
0.464698
0.003881
0.750958
0.502702
0.168321
0.462362
0.404451
0.836896
0.411449
0.881524
0.627990
0.788092
0.208737
0.890551
0.369994
0.516145
0.130014
0.543251
0.538471
0.671922
0.797517
0.136721
0.113187
0.640480
0.648558
0.922416
0.739390
0.774098
0.872710
0.527203
0.062024
0.748725
0.304102
0.826071
0.505405
0.936577
0.037859
0.422927
0.943317
0.166744
0.416837
0.562159
0.261366
0.089286
0.438586
0.886236
0.589049
0.756493
0.148608
0.833983
0.429588
0.640579
0.911244
0.287299
0.983058
0.128186
0.540233
0.397487
0.980849
0.645883
0.269996
0.560344
0.451596
0.086507
0.155280
0.694860
0.424757
0.520057
0.109723
0.250228
0.260570
0.413887
0.015168
0.033273
0.690514
0.740413
0.953507
0.646171
0.478083
0.376779
0.733924
0.662612
0.513250
0.625148
0.187078
0.032421
0.700122
0.599416
0.473718
0.163013
0.989725
0.409238
0.655867
0.097097
0.462295
0.435239
0.091195
0.279110
0.112469
0.817249
0.473920
0.005106
0.421968
0.695424
0.781767
0.160494
0.064476
0.057205
0.818276
0.823848
0.837268
0.287236
0.738121
0.800036
0.834855
0.665738
0.705787
0.946197
0.291889
0.413963
0.980898
0.770534
0.516008
0.209077
0.357817
0.455541
0.743074
0.938635
0.923723
0.213639
0.698047
0.345174
0.144479
0.599853
0.541009
0.623815
0.585253
0.489011
0.488389
0.294167
0.813496
0.123898
0.395492
0.351373
0.006317
0.404883
0.156866
0.872476
0.400178
0.670410
0.494905
0.495914
0.111406
0.904160
0.510743
0.091473
0.747659
0.330623
0.786996
0.267217
0.591614
0.988117
0.859716
0.324982
0.209003
0.327362
0.870679
0.446398
0.383645
0.651408
0.360713
0.436719
0.576040
0.822672
0.165540
0.245610
0.620925
0.802273
0.906896
0.755530
0.060339
0.422113
0.777352
0.447042
0.840525
0.450098
0.259375
0.595141
0.285069
0.022137
0.454529
0.688424
0.765910
0.058492
0.344058
0.916101
0.067100
0.019590
0.987375
0.552650
0.499354
0.123991
0.363826
0.152123
0.431854
0.048176
0.654646
0.875097
0.726088
0.871929
0.216528
0.447170
0.192294
0.962455
0.370486
0.956611
0.486656
0.924794
0.095175
0.793061
0.785264
0.223850
0.399089
0.928365
0.930841
0.754346
0.620411
0.699644
0.213776
0.142416
0.197159
0.217708
0.340092
0.022005
0.078888
0.854602
0.037174
0.587748
0.079795
0.783240
0.952671
0.289300
0.898533
0.936322
0.880292
0.911341
0.679902
0.079473
0.067557
0.952503
0.255477
0.562236
0.752239
0.776235
0.013576
0.996686
0.378782
0.907799
0.524375
0.237728
0.689712
0.651106
0.975078
0.094877
0.682938
0.194874
0.864947
0.248188
0.208840
0.760177
0.218487
0.343209
0.770496
0.594058
0.084954
0.911220
0.732149
0.059949
0.025165
0.753358
0.896468
0.001177
0.424620
0.946640
0.125563
0.576523
0.795572
0.056375
0.769129
0.177983
0.756072
0.326904
0.604119
0.277755
0.376920
0.273423
0.002865
0.242889
0.101614
0.532392
0.952815
0.957891
0.236901
0.389392
0.163972
0.875509
0.570086
0.111930
0.833107
0.412997
0.118779
0.638407
0.424109
0.825599
0.576094
0.971436
0.679763
0.831696
0.996484
0.728887
0.893343
0.415837
0.621039
0.066354
0.380944
0.649988
0.647191
0.909545
0.337131
0.130721
0.304713
0.853195
0.750593
0.671209
0.585489
0.306049
0.355218
0.207927
0.333911
0.404942
0.922065
0.282256
0.495039
0.170953
0.861490
0.648505
0.746666
0.123346
0.082664
0.049373
0.961890
0.364669
0.554477
0.721240
0.453158
0.199572
0.187384
0.301763
0.824013
0.150720
0.064566
0.009814
0.559634
0.914046
0.458163
0.798747
0.511614
0.400655
0.401540
0.266062
0.126688
0.501421
0.155422
0.390727
0.953759
0.081688
0.174340
0.310831
0.694947
0.613663
0.448644
0.065342
0.097331
0.122680
0.010112
0.615432
0.909449
0.023575
0.523922
0.985947
0.814925
0.440152
0.424775
0.702653
0.584293
0.179617
0.807872
0.197502
0.330304
0.033216
0.166831
0.654028
0.809176
0.015908
0.837956
0.905582
0.128165
0.925093
0.742274
0.589961
0.730705
0.765351
0.669285
0.420457
0.142367
0.916967
0.495854
0.350670
0.669768
0.723407
0.277323
0.367856
0.763326
0.436485
0.741037
0.061410
0.567804
0.254873
0.286807
0.072397
0.122432
0.031175
0.181690
0.003034
0.216043
0.016303
0.192375
0.165800
0.490124
0.785168
0.539966
0.187694
0.353727
0.097738
0.107202
0.986465
0.953318
0.292688
0.562458
0.355401
0.463802
0.861762
0.330022
0.735628
0.276838
0.568234
0.353009
0.118957
0.094726
0.018824
0.446882
0.251440
0.410164
0.668071
0.376573
0.912587
0.272686
0.871195
0.331949
0.465134
0.942384
0.118010
0.496007
0.759766
0.872289
0.575600
0.611222
0.520769
0.659677
0.358662
0.852896
0.644543
0.563035
0.548844
0.832547
0.301310
0.304199
0.095757
0.134356
0.345896
0.468097
0.782605
0.222471
0.704088
0.055945
0.845798
0.566312
0.584274
0.888624
0.298746
0.062098
0.616720
0.485124
0.963445
0.969935
0.063018
0.330503
0.329600
0.018810
0.906567
0.397933
0.184744
0.418261
0.523436
0.411009
0.791960
0.883748
0.770518
0.948649
0.745967
0.866825
0.531192
0.323421
0.139167
0.378681
0.593885
0.862141
0.445220
0.699335
0.438281
0.081691
0.775140
0.831093
0.605860
0.562240
0.189138
0.347287
0.757361
0.919107
0.704775
0.507451
0.727088
0.009388
0.666247
0.288313
0.317813
0.220000
0.476964
0.056684
0.032135
0.778493
0.247214
0.931289
0.801587
0.826945
0.148751
0.129374
0.030484
0.309862
0.284570
0.425138
0.888548
0.973405
0.207591
0.525316
0.535718
0.376176
0.555895
0.754318
0.762570
0.871352
0.356543
0.760775
0.912902
0.886596
0.493781
0.470848
0.756521
0.608849
0.877010
0.245857
0.750297
0.159812
0.588597
0.406890
0.569680
0.237826
0.466104
0.319943
0.525138
0.283166
0.557321
0.484698
0.584299
0.986110
0.398131
0.056204
0.046572
0.432670
0.251218
0.423908
0.116437
0.193524
0.896156
0.120845
0.875654
0.567517
0.050186
0.309930
0.106177
0.710629
0.502232
0.867304
0.326516
0.119152
0.906488
0.052478
0.489480
0.436597
0.955403
0.013897
0.452658
0.565519
0.091905
0.907921
0.092947
0.393163
0.250675
0.336293
0.300571
0.942243
0.472571
0.073136
0.803956
0.783913
0.432345
0.441249
0.520187
0.547471
0.815716
0.226726
0.906945
0.202639
0.164546
0.924348
0.098739
0.557471
0.370596
0.643847
0.435706
0.400117
0.133534
0.499898
0.037693
0.821835
0.245939
0.956662
0.439700
0.256011
0.820693
0.310874
0.506979
0.114133
0.355158
0.837639
0.405624
0.348535
0.854288
0.739961
0.259468
0.284010
0.485585
0.728076
0.591588
0.174085
0.918899
0.266136
0.098526
0.319469
0.143333
0.958366
0.432788
0.330375
0.684212
0.411522
0.147368
0.797235
0.876292
0.579579
0.009104
0.975818
0.856845
0.755828
0.977444
0.967272
0.237044
0.599498
0.730762
0.470648
0.223671
0.351970
0.749102
0.507636
0.213627
0.310285
0.294159
0.820283
0.689963
0.021409
0.614343
0.861225
0.271892
0.945662
0.604441
0.244900
0.172003
0.921586
0.944470
0.273701
0.691439
0.092723
0.397312
0.021139
0.169589
0.807959
0.621910
0.149591
0.257736
0.338768
0.869016
0.328033
0.452544
0.474366
0.189956
0.190075
0.333887
0.881709
0.074620
0.257761
0.417165
0.471048
0.872958
0.088949
0.527637
0.607021
0.984397
0.053934
0.685785
0.699498
0.006714
0.872142
0.665994
0.763545
0.009762
0.517018
0.963213
0.219254
0.327452
0.797224
0.415605
0.999917
0.645099
0.437369
0.215756
0.113229
0.009466
0.971305
0.647559
0.833916
0.426028
0.909256
0.097627
0.626108
0.932777
0.063118
0.868769
0.614853
0.330648
0.499737
0.906543
0.152272
0.184349
0.152178
0.018859
0.987017
0.325157
0.278966
0.471348
0.214072
0.661100
0.217560
0.789173
0.196064
0.126200
0.126333
0.608490
0.161303
0.833211
0.282309
0.628050
0.503712
0.043393
0.354381
0.148792
0.794730
0.818468
0.158510
0.061594
0.313128
0.711112
0.909484
0.350960
0.752951
0.162097
0.602184
0.735476
0.538176
0.504841
0.764983
0.412294
0.439419
0.427170
0.988746
0.265149
0.172008
0.026464
0.594648
0.612209
0.372600
0.528463
0.958849
0.240703
0.038917
0.045549
0.588193
0.187181
0.350007
0.722474
0.753426
0.716268
0.577900
0.833206
0.617172
0.908526
0.944291
0.840569
0.696142
0.839267
0.783081
0.369381
0.692843
0.489140
0.788351
0.925759
0.829770
0.227369
0.541100
0.662367
0.131916
0.990065
0.242339
0.333519
0.521824
0.661949
0.465119
0.009073
0.822027
0.675822
0.049237
0.031282
0.141449
0.115607
0.446092
0.288855
0.364625
0.402364
0.656333
0.339332
0.218863
0.338013
0.644244
0.394884
0.017396
0.442778
0.562181
0.892469
0.079874
0.015620
0.907665
0.477097
0.436120
0.562160
0.531926
0.809468
0.509033
0.334647
0.269888
0.663993
0.419851
0.997281
0.528430
0.713213
0.573994
0.945108
0.715460
0.174750
0.336348
0.736728
0.390235
0.678151
0.909579
0.711443
0.691225
0.796812
0.018875
0.035746
0.577544
0.043127
0.737147
0.981580
0.196195
0.219941
0.407143
0.079880
0.965230
0.496382
0.766579
0.715178
0.661776
0.577702
0.506054
0.636955
0.470681
0.958065
0.416525
0.451264
0.485879
0.142352
0.258819
0.099128
0.525497
0.325450
0.565517
0.639228
0.693512
0.061988
0.996530
0.096151
0.201155
0.761175
0.269479
0.180959
0.791838
0.705032
0.556133
0.413039
0.733585
0.373412
0.512037
0.351712
0.597532
0.032737
0.208676
0.163202
0.158608
0.579842
0.128165
0.031838
0.246858
0.159132
0.644808
0.928812
0.022418
0.863584
0.149757
0.909176
0.479690
0.436973
0.795580
0.975705
0.080690
0.975167
0.696031
0.035565
0.582723
0.640609
0.218104
0.693543
0.237344
0.018917
0.067150
0.283813
0.306871
0.002172
0.420887
0.545060
0.155536
0.622885
0.062063
0.574366
0.960388
0.923060
0.048633
0.135906
0.650046
0.804670
0.223172
0.356906
0.987916
0.690885
0.090527
0.095716
0.322747
0.599213
0.798051
0.831223
0.117598
0.337726
0.749747
0.723219
0.106241
0.841865
0.923681
0.367997
0.016664
0.433313
0.733169
0.794341
0.331069
0.982580
0.763937
0.538261
0.477015
0.567721
0.899972
0.724176
0.288153
0.235661
0.040642
0.152995
0.650593
0.049959
0.442331
0.101631
0.263427
0.116233
0.717945
0.603084
0.056463
0.968580
0.428386
0.606939
0.893008
0.105590
0.477037
0.714635
0.374260
0.450818
0.186919
0.608988
0.206976
0.490910
0.229334
0.570569
0.908130
0.290790
0.145025
0.573215
0.859930
0.571468
0.501281
0.658882
0.540637
0.776398
0.914588
0.686330
0.613926
0.737114
0.936478
0.654518
0.821361
0.185417
0.286713
0.520706
0.871730
0.412628
0.520759
0.455080
0.380019
0.101211
0.053685
0.597530
0.713604
0.743617
0.522927
0.123103
0.611044
0.640105
0.809069
0.817119
0.316298
0.428546
0.374261
0.525161
0.824977
0.927541
0.344295
0.650291
0.803901
0.835131
0.685919
0.723361
0.779286
0.908403
0.162806
0.635982
0.815093
0.342224
0.025313
0.114403
0.362704
0.194090
0.161341
0.576591
0.259659
0.737000
0.671726
0.696595
0.758561
0.864520
0.801534
0.510597
0.583950
0.104480
0.778739
0.221158
0.100229
0.546810
0.784212
0.653120
0.281682
0.611478
0.220420
0.488736
0.872968
0.365199
0.993630
0.872076
0.129451
0.665721
0.005579
0.507176
0.655826
0.864244
0.871848
0.074080
0.474913
0.340673
0.139682
0.011162
0.817207
0.734610
0.625848
0.565494
0.592644
0.841787
0.094038
0.934171
0.223196
0.243292
0.871584
0.945167
0.532999
0.904605
0.269108
0.328312
0.707678
0.586812
0.531294
0.097123
0.649630
0.276831
0.171932
0.380427
0.467964
0.300074
0.673822
0.264733
0.786043
0.737355
0.631724
0.144036
0.551260
0.434021
0.686045
0.727085
0.605018
0.248396
0.053703
0.251277
0.299476
0.647887
0.975833
0.562258
0.683527
0.903351
0.209284
0.840432
0.567701
0.679403
0.038508
0.379664
0.974782
0.093014
0.375636
0.875447
0.745405
0.404141
0.564219
0.863833
0.422667
0.320306
0.667663
0.321957
0.670439
0.228434
0.660436
0.570030
0.865697
0.299104
0.465316
0.419958
0.444659
0.990694
0.283412
0.544969
0.463773
0.100851
0.052413
0.201301
0.835795
0.030770
0.591477
0.086058
0.448999
0.569889
0.679301
0.376483
0.816121
0.682329
0.601519
0.719928
0.074444
0.638161
0.345764
0.339878
0.471271
0.982839
0.774143
0.718002
0.731236
0.059179
0.264856
0.023812
0.723512
0.562882
0.822865
0.731761
0.052040
0.269669
0.978043
0.899701
0.979990
0.308924
0.777349
0.788595
0.395374
0.934056
0.290254
0.951249
0.948494
0.162001
0.609784
0.356663
0.194242
0.642216
0.742546
0.756417
0.264011
0.447973
0.021938
0.161269
0.870587
0.903477
0.718157
0.503259
0.377101
0.992481
0.290158
0.488998
0.771785
0.298341
0.219623
0.363435
0.269023
0.947663
0.791392
0.251943
0.473277
0.795789
0.449288
0.350927
0.447154
0.470876
0.739921
0.463739
0.715975
0.124652
0.388124
0.663607
0.207525
0.301363
0.140583
0.349971
0.551409
0.166709
0.797029
0.569760
0.111947
0.395398
0.620407
0.994878
0.230898
0.356567
0.748646
0.568102
0.439586
0.236164
0.743334
0.619390
0.763171
0.050004
0.905355
0.382990
0.733502
0.798398
0.193563
0.385636
0.559288
0.702875
0.264751
0.543499
0.638914
0.875294
0.871202
0.986211
0.527420
0.743872
0.078622
0.284304
0.464842
0.897037
0.064424
0.272939
0.924983
0.510828
0.159222
0.522844
0.768202
0.048413
0.855861
0.922298
0.826585
0.287603
0.076105
0.208176
0.951189
0.734233
0.025168
0.970404
0.583068
0.867019
0.703899
0.300772
0.054009
0.279023
0.814946
0.315077
0.820331
0.967271
0.361083
0.012330
0.439560
0.641670
0.665439
0.375413
0.237692
0.477219
0.526173
0.867790
0.822795
0.884893
0.473010
0.962837
0.343808
0.866259
0.732530
0.282450
0.264551
0.454610
0.695602
0.578942
0.471588
0.440192
0.673072
0.533548
0.199848
0.782452
0.716160
0.746581
0.034173
0.731636
0.401197
0.543755
0.012017
0.420809
0.276538
0.311267
0.501250
0.463659
0.605822
0.311690
0.037626
0.411855
0.346820
0.998449
0.093956
0.551492
0.082490
0.132955
0.979720
0.811388
0.430474
0.221591
0.667641
0.286425
0.620873
0.847008
0.161518
0.324850
0.495338
0.475584
0.937692
0.345772
0.116098
0.955013
0.749808
0.160807
0.789214
0.462174
0.190492
0.615813
0.964724
0.172824
0.806404
0.683176
0.424086
0.928384
0.060604
0.126842
0.910345
0.518822
0.260349
0.121503
0.323708
0.025070
0.593540
0.824976
0.018958
0.655376
0.129287
0.932327
0.081767
0.694841
0.718996
0.193644
0.431027
0.019881
0.270331
0.762801
0.846918
0.126400
0.756302
0.502540
0.335926
0.575328
0.799054
0.106559
0.790594
0.192361
0.379498
0.374730
0.633751
0.735204
0.083951
0.864510
0.987976
0.811841
0.258182
0.037767
0.045959
0.767873
0.376052
0.172143
0.767498
0.981712
0.764208
0.358578
0.281332
0.370526
0.173295
0.834996
0.718075
0.179063
0.763056
0.811591
0.619741
0.541959
0.559819
0.878414
0.062720
0.739373
0.214384
0.497815
0.774357
0.926633
0.601514
0.229566
0.199837
0.293546
0.689826
0.468564
0.720933
0.463922
0.042053
0.238808
0.408052
0.302846
0.114045
0.960891
0.573284
0.983766
0.013236
0.945023
0.258151
0.810939
0.117838
0.463721
0.823176
0.534384
0.461450
0.820144
0.861012
0.755524
0.534681
0.382624
0.255189
0.315688
0.535996
0.585778
0.155683
0.448767
0.068840
0.899950
0.330180
0.466481
0.522567
0.913831
0.876474
0.813810
0.115527
0.623034
0.704965
0.928978
0.787900
0.242734
0.446581
0.820611
0.438907
0.412006
0.160217
0.970847
0.304217
0.425629
0.994906
0.377927
0.368888
0.618559
0.450522
0.103901
0.571933
0.532834
0.940459
0.775943
0.617763
0.292961
0.930933
0.709034
0.491162
0.488219
0.372069
0.393380
0.424060
0.986343
0.406910
0.893270
0.073875
0.824029
0.894114
0.516310
0.984849
0.357340
0.534098
0.382350
0.881226
0.388662
0.598513
0.977444
0.828076
0.451100
0.111869
0.095286
0.717617
0.198012
0.691378
0.395493
0.255519
0.688920
0.049088
0.636237
0.090565
0.668174
0.772589
0.144015
0.157958
0.867227
0.440599
0.726698
0.258135
0.393519
0.835865
0.288596
0.086636
0.301014
0.470103
0.760363
0.269352
0.482394
0.885962
0.707955
0.420667
0.297368
0.681906
0.735342
0.463148
0.626479
0.250658
0.872415
0.866323
0.467026
0.047788
0.434303
0.158580
0.967820
0.458108
0.332940
0.534305
0.845089
0.525142
0.273167
0.058848
0.179140
0.140941
0.309528
0.316056
0.408067
0.094710
0.494433
0.718966
0.486561
0.303158
0.587889
0.159209
0.554932
0.186716
0.781216
0.644965
0.065702
0.018339
0.990142
0.054884
0.024177
0.586762
0.216866
0.951795
0.846695
0.228973
0.663118
0.426994
0.468217
0.076653
0.907467
0.060496
0.324015
0.461679
0.234375
0.056722
0.353560
0.009786
0.400159
0.755412
0.324324
0.960831
0.310431
0.817808
0.963005
0.460175
0.478802
0.149103
0.911148
0.737399
0.048873
0.199173
0.862217
0.312408
0.723285
0.037344
0.607937
0.193773
0.008036
0.032863
0.839343
0.348000
0.010574
0.065632
0.044562
0.774623
0.605390
0.636548
0.813960
0.313712
0.891926
0.020575
0.122917
0.804403
0.211219
0.360562
0.724575
0.700820
0.086853
0.884125
0.142180
0.836882
0.321831
0.467074
0.895984
0.513703
0.153133
0.309938
0.424902
0.672053
0.383238
0.034149
0.473537
0.308901
0.856947
0.978496
0.955535
0.809677
0.520975
0.716447
0.527290
0.366079
0.753636
0.354685
0.907345
0.269265
0.417128
0.258543
0.936140
0.739004
0.749296
0.670600
0.847117
0.099729
0.504118
0.916418
0.394780
0.955627
0.171002
0.975980
0.245863
0.605499
0.667738
0.987769
0.268087
0.749092
0.073834
0.574519
0.577347
0.791824
0.883364
0.196897
0.899110
0.308997
0.288635
0.143325
0.080561
0.618472
0.382833
0.395860
0.489681
0.836338
0.318688
0.387907
0.577456
0.808857
0.680818
0.131245
0.785501
0.785678
0.493615
0.762818
0.121885
0.390174
0.726709
0.054628
0.999997
0.802582
0.699848
0.306383
0.819408
0.130747
0.619456
0.549618
0.121252
0.101251
0.165975
0.497252
0.114044
0.999889
0.325473
0.383698
0.794828
0.999518
0.521086
0.611306
0.389419
0.962662
0.521025
0.458772
0.784670
0.751884
0.631488
0.953686
0.078360
0.143631
0.726142
0.437106
0.633744
0.642371
0.174034
0.666783
0.394798
0.264595
0.992499
0.045612
0.595805
0.192662
0.910923
0.017958
0.268511
0.276813
0.767443
0.327436
0.714315
0.937592
0.355404
0.055271
0.683659
0.180692
0.088356
0.158526
0.727395
0.113757
0.798108
0.830323
0.903164
0.549930
0.469100
0.880920
0.546233
0.954360
0.488970
0.087767
0.007775
0.687010
0.463163
0.693834
0.475142
0.052355
0.318111
0.583900
0.881957
0.920117
0.245866
0.939804
0.607247
0.218154
0.887753
0.197574
0.998056
0.857259
0.551839
0.413248
0.474760
0.964621
0.677628
0.061725
0.409934
0.832366
0.437371
0.874664
0.217696
0.867128
0.793853
0.130741
0.083555
0.621357
0.481556
0.228982
0.614969
0.035128
0.487373
0.670467
0.901914
0.587211
0.221279
0.382944
0.439659
0.228079
0.258643
0.071565
0.252411
0.564776
0.700229
0.012402
0.580807
0.951566
0.733624
0.369727
0.590168
0.472771
0.830578
0.331762
0.237831
0.839236
0.651559
0.678253
0.709389
0.338641
0.943322
0.500970
0.214107
0.547021
0.354964
0.265280
0.807657
0.768993
0.055559
0.950721
0.503099
0.676394
0.027842
0.641700
0.085665
0.294419
0.044748
0.101393
0.760621
0.654332
0.063795
0.679182
0.570358
0.639401
0.781162
0.277702
0.178891
0.975335
0.899735
0.120472
0.814542
0.286561
0.975090
0.526092
0.725347
0.730007
0.135203
0.608178
0.510354
0.570774
0.537581
0.874296
0.765393
0.121793
0.612552
0.465184
0.761234
0.623504
0.246211
0.045582
0.309620
0.347509
0.513560
0.674378
0.736735
0.869498
0.838576
0.942854
0.761759
0.268330
0.712837
0.507662
0.160663
0.453447
0.338132
0.785490
0.072896
0.207675
0.551329
0.564987
0.656758
0.423351
0.766009
0.934730
0.116639
0.606492
0.288621
0.668335
0.408970
0.177127
0.477319
0.807400
0.337320
0.374299
0.527597
0.078486
0.850023
0.382929
0.206958
0.762900
0.374642
0.891153
0.488812
0.910103
0.459814
0.309291
0.290221
0.119931
0.881143
0.567604
0.762031
0.854178
0.400066
0.174247
0.666103
0.794580
0.898114
0.786908
0.009441
0.195337
0.898228
0.602417
0.385364
0.708340
0.215854
0.554486
0.438284
0.220961
0.225093
0.775402
0.337468
0.576478
0.826887
0.509562
0.106670
0.081489
0.234825
0.703856
0.565159
0.183358
0.467171
0.360829
0.584732
0.600174
0.553412
0.314247
0.769672
0.101439
0.688379
0.735201
0.886533
0.564359
0.294358
0.631249
0.388929
0.657223
0.595576
0.889126
0.477303
0.338117
0.264750
0.095756
0.764098
0.684051
0.665031
0.165354
0.172813
0.356083
0.329381
0.568481
0.725718
0.332616
0.078513
0.326629
0.311702
0.509902
0.016406
0.817733
0.358015
0.223957
0.211464
0.560377
0.243885
0.403600
0.866620
0.688344
0.954422
0.461063
0.766545
0.059727
0.234715
0.149731
0.426009
0.571357
0.390858
0.728334
0.900719
0.698081
0.950828
0.300427
0.313423
0.494598
0.298530
0.552077
0.981702
0.261779
0.575206
0.618252
0.691335
0.658688
0.084611
0.851724
0.136109
0.861921
0.490356
0.074748
0.243450
0.456542
0.755849
0.363113
0.024014
0.941623
0.574923
0.231942
0.460375
0.695767
0.035644
0.868900
0.644769
0.536225
0.006053
0.130487
0.644156
0.818667
0.296165
0.963845
0.573465
0.445607
0.268838
0.103256
0.056631
0.787861
0.201253
0.055929
0.325186
0.321597
0.439061
0.326688
0.071200
0.859499
0.239120
0.774516
0.159915
0.324003
0.526290
0.975592
0.042536
0.295295
0.011271
0.207622
0.789854
0.332930
0.301955
0.082673
0.965679
0.768721
0.549626
0.057569
0.546500
0.963157
0.832792
0.122285
0.968240
0.567612
0.300847
0.281678
0.443631
0.333117
0.556853
0.849570
0.369631
0.104882
0.594159
0.632242
0.550058
0.850344
0.637586
0.023138
0.037868
0.951671
0.926951
0.922786
0.391320
0.229797
0.934529
0.421362
0.477565
0.374260
0.381055
0.345762
0.571496
0.520984
0.923684
0.546189
0.565143
0.278313
0.060069
0.078530
0.959608
0.914233
0.438483
0.526214
0.371129
0.686956
0.152884
0.442116
0.573879
0.159650
0.888588
0.103024
0.066286
0.843293
0.105079
0.382670
0.399437
0.038560
0.180641
0.791692
0.606125
0.070762
0.939559
0.654278
0.140292
0.804052
0.066474
0.000120
0.977537
0.324624
0.028707
0.393508
0.129570
0.542975
0.913295
0.778539
0.526002
0.150806
0.508331
0.362309
0.372252
0.289762
0.159470
0.398024
0.793961
0.319876
0.850345
0.234227
0.011383
0.024106
0.666988
0.612636
0.130015
0.643344
0.233849
0.830879
0.817186
0.737479
0.129711
0.851922
0.039317
0.160454
0.200738
0.169963
0.223074
0.853444
0.040256
0.399960
0.647502
0.508687
0.508465
0.152438
0.432339
0.604428
0.604948
0.369968
0.047951
0.408102
0.207110
0.505446
0.142580
0.908688
0.852540
0.054003
0.969960
0.503617
0.238965
0.199325
0.022052
0.107781
0.575061
0.561201
0.025364
0.436311
0.135964
0.062043
0.277298
0.913740
0.393686
0.248849
0.918371
0.556655
0.170929
0.461143
0.697061
0.620303
0.670767
0.009634
0.272227
0.936650
0.348395
0.243209
0.410340
0.545326
0.713697
0.842068
0.374036
0.815333
0.347696
0.916220
0.023302
0.349212
0.243811
0.384648
0.607383
0.681878
0.354299
0.700238
0.423055
0.414327
0.835954
0.019930
0.455812
0.833500
0.484899
0.120498
0.288244
0.249515
0.302609
0.557566
0.115401
0.684143
0.805502
0.626102
0.973049
0.285297
0.134896
0.821231
0.195424
0.749985
0.885240
0.853532
0.770060
0.055180
0.203053
0.315276
0.768203
0.808843
0.967217
0.880539
0.564673
0.219408
0.085987
0.528284
0.109284
0.994241
0.625843
0.084031
0.337755
0.475317
0.024597
0.697091
0.008426
0.418044
0.713315
0.084608
0.654306
0.835957
0.168304
0.309764
0.205495
0.862906
0.006159
0.877102
0.464365
0.189989
0.438875
0.688967
0.231831
0.785848
0.079465
0.830472
0.868418
0.165856
0.147531
0.395472
0.093149
0.165181
0.277439
0.080835
0.715729
0.204953
0.399293
0.347198
0.246887
0.782774
0.224968
0.834998
0.698300
0.499220
0.988380
0.833859
0.591283
0.063698
0.905111
0.834925
0.967178
0.070838
0.341960
0.794801
0.252406
0.809979
0.622730
0.725586
0.145214
0.145258
0.388201
0.985614
0.263365
0.054035
0.927247
0.277021
0.171325
0.344608
0.793479
0.735956
0.672216
0.437340
0.448532
0.847080
0.236038
0.932601
0.420884
0.564628
0.536580
0.832794
0.798717
0.069301
0.684597
0.868169
0.434244
0.519543
0.943255
0.283735
0.891475
0.534198
0.140939
0.279072
0.427372
0.932585
0.278620
0.029404
0.787508
0.855815
0.310383
0.249124
0.582709
0.333618
0.378555
0.002514
0.152976
0.277765
0.945658
0.753461
0.044974
0.522038
0.147571
0.852685
0.915938
0.767853
0.477244
0.061253
0.830117
0.790502
0.690234
0.287565
0.226237
0.544738
0.610749
0.658080
0.110125
0.433052
0.356468
0.306354
0.083164
0.520366
0.605844
0.873916
0.173779
0.656642
0.472892
0.808115
0.656386
0.266538
0.232744
0.781129
0.221228
0.622684
0.117180
0.469324
0.651776
0.722438
0.909330
0.727216
0.555042
0.967127
0.167017
0.849519
0.270597
0.353444
0.910620
0.039226
0.665806
0.752652
0.907055
0.174763
0.744738
0.994470
0.485211
0.880981
0.416660
0.700069
0.491323
0.820479
0.438156
0.379628
0.145298
0.122809
0.973915
0.854798
0.686521
0.622592
0.034779
0.233811
0.882446
0.567542
0.212606
0.115302
0.940743
0.585532
0.282398
0.972504
0.627240
0.755132
0.373872
0.613775
0.677506
0.216171
0.549200
0.548585
0.546833
0.535612
0.782159
0.311796
0.430700
0.863940
0.379166
0.897723
0.330373
0.990135
0.421403
0.554349
0.702296
0.256503
0.342145
0.243825
0.668818
0.248390
0.185291
0.327525
0.432985
0.038236
0.871380
0.465034
0.849700
0.698962
0.213661
0.122667
0.019195
0.851354
0.622732
0.685016
0.290518
0.550900
0.427698
0.093834
0.767577
0.814340
0.444778
0.728941
0.591391
0.911867
0.324430
0.295768
0.329221
0.746033
0.953430
0.366042
0.688102
0.050275
0.103692
0.702676
0.731813
0.781504
0.478723
0.703615
0.413010
0.982491
0.480634
0.033124
0.423648
0.580788
0.458325
0.101095
0.408018
0.208344
0.276142
0.428145
0.090678
0.105672
0.385320
0.794105
0.390101
0.671342
0.300897
0.320812
0.232139
0.674442
0.177599
0.093014
0.444860
0.922487
0.075491
0.578010
0.011338
0.778098
0.519483
0.401695
0.819808
0.540839
0.400316
0.462662
0.941013
0.594424
0.520129
0.601736
0.766228
0.941668
0.528106
0.703625
0.784723
0.995929
0.469899
0.744496
0.995826
0.041231
0.521939
0.476913
0.963953
0.818867
0.497797
0.355952
0.407465
0.027431
0.714855
0.415699
0.164930
0.604903
0.006731
0.436431
0.395375
0.942184
0.902819
0.855000
0.522202
0.545705
0.524761
0.671656
0.894652
0.201893
0.220570
0.767970
0.366158
0.643264
0.538314
0.523450
0.423666
0.096042
0.445685
0.701624
0.480212
0.561895
0.606112
0.908949
0.538800
0.746532
0.962860
0.484814
0.394643
0.756827
0.289064
0.584641
0.709001
0.726393
0.007349
0.664334
0.021170
0.292430
0.195908
0.822731
0.010924
0.259520
0.100112
0.894618
0.215310
0.978899
0.152635
0.536245
0.070423
0.146993
0.409559
0.071527
0.751252
0.574786
0.993249
0.360973
0.301422
0.579221
0.352380
0.639341
0.121479
0.579808
0.058443
0.478162
0.599362
0.384719
0.080149
0.116174
0.381537
0.386691
0.627201
0.075854
0.091856
0.003534
0.036845
0.872653
0.085797
0.701505
0.495187
0.016092
0.877668
0.912704
0.740753
0.075804
0.201773
0.906093
0.363922
0.629664
0.483523
0.438636
0.996201
0.142019
0.224254
0.773739
0.089793
0.100017
0.599655
0.789597
0.630699
0.590859
0.727566
0.711340
0.101565
0.201834
0.572782
0.546916
0.750354
0.592910
0.918798
0.093968
0.772305
0.661916
0.583242
0.845149
0.460587
0.143371
0.126913
0.288110
0.520524
0.316234
0.515454
0.408895
0.427170
0.981804
0.978381
0.551392
0.899009
0.397763
0.293862
0.583781
0.649023
0.345044
0.541754
0.839406
0.064708
0.608658
0.393461
0.771034
0.670566
0.278892
0.958595
0.045821
0.968202
0.681835
0.011064
0.807881
0.546823
0.979996
0.684537
0.617066
0.870449
0.689491
0.352637
0.613308
0.535732
0.759696
0.636420
0.459407
0.257448
0.508736
0.440698
0.243668
0.768674
0.947404
0.705155
0.210627
0.618812
0.714397
0.533587
0.828287
0.646414
0.979252
0.647401
0.283330
0.272463
0.882764
0.489140
0.516688
0.311598
0.343675
0.766011
0.253044
0.682233
0.439918
0.422495
0.420229
0.402821
0.467015
0.254288
0.968315
0.984303
0.667852
0.582385
0.631647
0.311827
0.971932
0.804455
0.837686
0.898471
0.385769
0.970470
0.293050
0.420243
0.151643
0.110778
0.938923
0.286950
0.621303
0.612303
0.265551
0.036493
0.450594
0.536741
0.662613
0.780113
0.480377
0.208875
0.983079
0.769545
0.301506
0.864457
0.226642
0.167715
0.662618
0.707845
0.783787
0.920192
0.219268
0.877468
0.403069
0.135585
0.874660
0.713317
0.115627
0.932121
0.347718
0.514660
0.359733
0.021307
0.929823
0.947020
0.533505
0.382907
0.774352
0.277994
0.288709
0.510644
0.543432
0.950948
0.010039
0.326316
0.135489
0.385503
0.139022
0.696167
0.892954
0.158823
0.831779
0.061161
0.977751
0.310412
0.448853
0.939365
0.786041
0.605467
0.710074
0.584997
0.830255
0.099842
0.970432
0.231004
0.979780
0.721728
0.530271
0.763416
0.098243
0.604985
0.407443
0.399237
0.294821
0.726837
0.097705
0.517169
0.988773
0.576812
0.333376
0.523803
0.102986
0.742858
0.509654
0.624326
0.554968
0.695864
0.106055
0.645925
0.943867
0.384266
0.563397
0.443623
0.971287
0.902858
0.107959
0.841435
0.943370
0.420598
0.877304
0.036157
0.212844
0.527240
0.027329
0.169531
0.660273
0.012720
0.449799
0.948487
0.331943
0.680466
0.294776
0.809371
0.021053
0.702101
0.217954
0.542465
0.502708
0.236708
0.028691
0.655621
0.708978
0.565926
0.700715
0.926419
0.599267
0.422114
0.346447
0.414806
0.756743
0.977382
0.587742
0.218578
0.671432
0.179872
0.286648
0.221616
0.594379
0.146692
0.433816
0.798336
0.289251
0.682633
0.708527
0.427091
0.640402
0.161349
0.265869
0.898319
0.004118
0.129838
0.129020
0.183114
0.535248
0.974272
0.277002
0.174592
0.668417
0.579359
0.672786
0.620818
0.325830
0.032618
0.020538
0.354225
0.167279
0.423654
0.526283
0.780641
0.786163
0.070004
0.007025
0.066460
0.693609
0.876645
0.810274
0.628166
0.913244
0.940988
0.010613
0.777734
0.739208
0.172775
0.914421
0.143925
0.830908
0.565358
0.098163
0.742513
0.805725
0.984318
0.131358
0.829157
0.844667
0.151225
0.338836
0.105819
0.796595
0.197729
0.457693
0.607259
0.541953
0.669911
0.223578
0.561536
0.360800
0.566458
0.184832
0.590560
0.578951
0.339915
0.121189
0.240933
0.903291
0.286350
0.767701
0.137432
0.476294
0.563407
0.526416
0.269950
0.008624
0.567810
0.292806
0.725945
0.490192
0.289865
0.661927
0.866352
0.885855
0.416728
0.356930
0.933065
0.528142
0.441613
0.088629
0.795414
0.813430
0.828771
0.917997
0.636774
0.183083
0.921989
0.154946
0.269341
0.218653
0.518438
0.510749
0.247514
0.167445
0.320899
0.839155
0.120298
0.894144
0.287494
0.692443
0.347943
0.129601
0.790662
0.556300
0.486445
0.998348
0.594524
0.839234
0.071497
0.780917
0.953311
0.183076
0.408351
0.360985
0.737175
0.393176
0.911427
0.914190
0.376434
0.986175
0.879325
0.714000
0.666766
0.085941
0.211198
0.326946
0.015989
0.991034
0.294875
0.200245
0.165446
0.243622
0.124365
0.498088
0.652753
0.129248
0.338136
0.622487
0.475771
0.219613
0.646894
0.804402
0.123049
0.898608
0.443153
0.365106
0.385954
0.386040
0.824768
0.871007
0.628785
0.160681
0.656172
0.402102
0.625706
0.900727
0.973725
0.801162
0.094331
0.378646
0.103872
0.093893
0.949830
0.830280
0.867963
0.287557
0.804820
0.483252
0.127547
0.390382
0.723784
0.263842
0.814895
0.627467
0.836316
0.709160
0.412749
0.316809
0.611759
0.578565
0.674048
0.644015
0.962271
0.202363
0.563394
0.187064
0.679031
0.063310
0.508538
0.807255
0.503165
0.002978
0.525850
0.607847
0.094445
0.962133
0.127480
0.913904
0.774329
0.043755
0.830466
0.856465
0.229410
0.873463
0.199069
0.090785
0.866354
0.459757
0.141407
0.454961
0.749385
0.422341
0.509653
0.661243
0.484209
0.820914
0.339966
0.977170
0.807268
0.047369
0.629065
0.935759
0.601940
0.540826
0.153424
0.733210
0.327872
0.150365
0.039272
0.805196
0.062284
0.224039
0.694866
0.506418
0.321575
0.734506
0.384643
0.063085
0.736409
0.280780
0.116413
0.091349
0.204170
0.428845
0.782878
0.810180
0.698927
0.880201
0.442742
0.740780
0.217137
0.704633
0.958305
0.116269
0.796273
0.367261
0.201786
0.164494
0.932515
0.220946
0.231977
0.850757
0.736444
0.607034
0.967493
0.378531
0.566012
0.735950
0.037969
0.721914
0.281780
0.937132
0.761817
0.569235
0.425244
0.868423
0.257427
0.329819
0.052223
0.039967
0.684872
0.375395
0.459709
0.619561
0.349014
0.791565
0.045683
0.170115
0.901644
0.281770
0.672508
0.029280
0.346518
0.698588
0.060237
0.350547
0.082141
0.528986
0.313993
0.166024
0.275394
0.445347
0.410129
0.917738
0.737504
0.863992
0.385533
0.042761
0.609520
0.428519
0.229387
0.231374
0.455009
0.487356
0.183286
0.824930
0.533546
0.699114
0.545487
0.706756
0.096232
0.647333
0.062306
0.061645
0.200924
0.468228
0.491655
0.080668
0.196993
0.442706
0.809384
0.650272
0.397365
0.620955
0.914930
0.559608
0.668435
0.494203
0.782362
0.657603
0.392822
0.325599
0.279789
0.920564
0.252786
0.593918
0.597194
0.518293
0.558764
0.505846
0.075058
0.191966
0.681540
0.714212
0.907398
0.601076
0.579913
0.220016
0.028233
0.382576
0.298317
0.396253
0.506763
0.038962
0.826983
0.762968
0.576340
0.748069
0.820959
0.098679
0.445536
0.186504
0.090207
0.641805
0.713381
0.439685
0.901344
0.028199
0.837753
0.659232
0.447892
0.464959
0.551951
0.623877
0.461968
0.366946
0.406807
0.705377
0.075011
0.922491
0.722071
0.923257
0.966171
0.563862
0.331066
0.537215
0.775432
0.563834
0.940254
0.551721
0.750730
0.931295
0.659651
0.422895
0.752358
0.565063
0.741756
0.421428
0.076652
0.043291
0.833115
0.094583
0.934010
0.180481
0.632690
0.769463
0.877860
0.090553
0.648436
0.658417
0.268803
0.313908
0.387696
0.940383
0.504357
0.422184
0.655146
0.307939
0.340645
0.396219
0.221391
0.497153
0.845662
0.358160
0.062208
0.934133
0.498133
0.450348
0.919204
0.116647
0.455184
0.932002
0.228068
0.622255
0.649612
0.785365
0.920517
0.256558
0.860803
0.523527
0.255733
0.898709
0.199867
0.286351
0.909565
0.998764
0.652957
0.100136
0.849677
0.459144
0.543688
0.717413
0.790334
0.272710
0.304484
0.390307
0.834489
0.262160
0.624751
0.835325
0.697691
0.694520
0.263023
0.707933
0.259534
0.364995
0.748123
0.912387
0.206413
0.798475
0.807474
0.656067
0.814695
0.770692
0.352164
0.456674
0.194749
0.867117
0.595266
0.617960
0.265878
0.317912
0.590801
0.580013
0.945798
0.928256
0.676315
0.538926
0.872232
0.024039
0.043318
0.198094
0.636975
0.123444
0.201790
0.005278
0.955271
0.260940
0.520547
0.990110
0.773159
0.321406
0.111036
0.216255
0.061782
0.435174
0.408626
0.504606
0.340451
0.462343
0.978444
0.047727
0.148223
0.616373
0.999455
0.685141
0.213974
0.313442
0.356034
0.778598
0.497869
0.456318
0.323932
0.974835
0.360411
0.360769
0.162002
0.663357
0.484586
0.211938
0.679816
0.422234
0.285312
0.725403
0.908419
0.664675
0.677194
0.266679
0.811794
0.678025
0.207124
0.088380
0.252811
0.212112
0.402724
0.629240
0.279834
0.361734
0.241364
0.994169
0.502059
0.582110
0.576546
0.481878
0.050333
0.048619
0.916542
0.602702
0.853254
0.318849
0.557677
0.969614
0.875003
0.841320
0.146061
0.336548
0.517005
0.159618
0.210438
0.800339
0.799504
0.586901
0.016261
0.447964
0.902806
0.634881
0.774004
0.404902
0.419310
0.680238
0.132930
0.343823
0.996007
0.778864
0.355861
0.489396
0.702047
0.362273
0.734097
0.389974
0.084786
0.326831
0.571726
0.992498
0.185520
0.371637
0.897958
0.089521
0.228026
0.247794
0.166989
0.403181
0.983433
0.425440
0.346138
0.634014
0.087843
0.676439
0.120201
0.377835
0.304456
0.628768
0.512872
0.141518
0.885575
0.558185
0.524486
0.535564
0.514321
0.520902
0.230629
0.805967
0.121784
0.471092
0.310674
0.650688
0.869870
0.392341
0.861131
0.318853
0.553794
0.805277
0.230036
0.274693
0.031171
0.241432
0.980641
0.819200
0.236279
0.099073
0.485892
0.445012
0.201185
0.117802
0.688537
0.113487
0.984678
0.028425
0.551779
0.997367
0.284328
0.414926
0.043681
0.963004
0.826548
0.252521
0.331563
0.468498
0.013509
0.338839
0.090251
0.210204
0.560345
0.318540
0.224101
0.385596
0.913087
0.042223
0.226990
0.608109
0.307282
0.493380
0.400221
0.766179
0.622725
0.375622
0.269111
0.428104
0.582893
0.706631
0.008551
0.285210
0.841501
0.190792
0.468854
0.657037
0.159036
0.022795
0.932933
0.902660
0.475384
0.661544
0.235374
0.341689
0.391297
0.133156
0.050603
0.410151
0.063733
0.288794
0.006648
0.405649
0.114995
0.049708
0.771236
0.299565
0.403172
0.602923
0.968440
0.328868
0.617544
0.597978
0.916703
0.167160
0.812899
0.576301
0.272525
0.788891
0.712764
0.319723
0.186077
0.060874
0.786090
0.559677
0.708448
0.085209
0.472955
0.469930
0.633929
0.958854
0.760248
0.277504
0.964573
0.035827
0.317008
0.738793
0.927546
0.906428
0.169398
0.871172
0.810995
0.649565
0.163581
0.193428
0.042106
0.639462
0.641699
0.980948
0.617355
0.850921
0.269219
0.220972
0.518687
0.239603
0.119074
0.685132
0.958659
0.049670
0.022149
0.626144
0.369207
0.740196
0.311596
0.848138
0.681347
0.764522
0.513826
0.925574
0.269121
0.770166
0.888407
0.356862
0.699270
0.185909
0.638216
0.722794
0.794820
0.735829
0.079189
0.370896
0.706969
0.903846
0.649406
0.657475
0.111037
0.656761
0.423628
0.502620
0.688119
0.739824
0.921289
0.450479
0.740731
0.625349
0.370222
0.098261
0.018589
0.190877
0.217234
0.391413
0.536820
0.683656
0.302723
0.546170
0.881991
0.426719
0.180364
0.657804
0.087015
0.186847
0.927922
0.296003
0.498939
0.547090
0.065550
0.060079
0.259481
0.031789
0.564999
0.881774
0.902560
0.394788
0.727379
0.829931
0.732475
0.615817
0.287075
0.112617
0.272658
0.611408
0.109121
0.174829
0.053354
0.942320
0.032699
0.611412
0.122100
0.262475
0.427898
0.721175
0.588463
0.993316
0.610520
0.498431
0.467102
0.459003
0.188744
0.119943
0.339515
0.732309
0.521171
0.215582
0.047500
0.334716
0.508317
0.928521
0.999810
0.587838
0.340153
0.438490
0.969307
0.701590
0.768505
0.650798
0.062781
0.609694
0.714412
0.467300
0.308769
0.659775
0.658756
0.653270
0.116218
0.424416
0.733000
0.035657
0.465408
0.031010
0.009410
0.547552
0.296001
0.469215
0.169401
0.350139
0.798883
0.414516
0.423288
0.558083
0.587465
0.871004
0.234153
0.574558
0.871448
0.312769
0.334952
0.435777
0.637116
0.586068
0.096035
0.279999
0.310079
0.598635
0.182844
0.939327
0.848037
0.839556
0.703212
0.260558
0.472806
0.435650
0.306556
0.419565
0.924004
0.019438
0.144126
0.746672
0.824558
0.784769
0.760820
0.046983
0.090071
0.752703
0.465595
0.775983
0.495595
0.240674
0.405709
0.635932
0.902793
0.728928
0.089453
0.928438
0.898448
0.758686
0.704407
0.342707
0.976143
0.616923
0.711196
0.192876
0.962787
0.479776
0.202027
0.904477
0.011673
0.958986
0.272026
0.697783
0.567589
0.950650
0.142316
0.490292
0.307708
0.588464
0.505225
0.869733
0.573369
0.767171
0.053290
0.665799
0.061757
0.759917
0.665628
0.051724
0.409613
0.056333
0.440368
0.836833
0.319659
0.140810
0.051956
0.777115
0.728479
0.907992
0.433848
0.952748
0.708940
0.219127
0.764524
0.955124
0.226800
0.430408
0.695815
0.024351
0.303355
0.991714
0.089651
0.534969
0.499559
0.238696
0.352753
0.043830
0.856938
0.961509
0.624709
0.726344
0.111398
0.459178
0.016504
0.132606
0.892825
0.386287
0.523918
0.502005
0.698932
0.041225
0.079118
0.150122
0.833376
0.861556
0.086909
0.802088
0.640635
0.688855
0.740119
0.812016
0.851846
0.310909
0.953370
0.029395
0.921331
0.121712
0.273105
0.924365
0.528911
0.859332
0.635822
0.340465
0.182285
0.804321
0.407830
0.084358
0.560277
0.867340
0.190544
0.230800
0.964785
0.136531
0.696525
0.741894
0.547829
0.918732
0.555531
0.808924
0.613421
0.560073
0.709436
0.893948
0.621503
0.994687
0.022180
0.988754
0.369661
0.359926
0.003982
0.499083
0.116619
0.654725
0.374174
0.213962
0.775330
0.992603
0.130131
0.755779
0.712639
0.365481
0.460674
0.067912
0.792781
0.281612
0.898810
0.476768
0.756408
0.284943
0.596042
0.509136
0.344645
0.689465
0.082785
0.995059
0.428496
0.439179
0.643521
0.122671
0.163120
0.094204
0.165050
0.331428
0.377991
0.850282
0.611802
0.510797
0.810030
0.578874
0.933714
0.599611
0.853970
0.775793
0.813911
0.924050
0.236061
0.474449
0.616686
0.064392
0.435769
0.573901
0.932430
0.805859
0.932818
0.233135
0.478730
0.489679
0.156349
0.997089
0.497922
0.950971
0.960774
0.445546
0.506730
0.336967
0.736316
0.338970
0.417450
0.735145
0.529024
0.403534
0.113314
0.006186
0.384839
0.323743
0.562672
0.700564
0.799259
0.131310
0.364947
0.253091
0.862736
0.742598
0.031929
0.999724
0.192702
0.217188
0.324449
0.335950
0.919949
0.928011
0.102440
0.940124
0.124037
0.718219
0.243122
0.412134
0.176792
0.575834
0.830949
0.410765
0.344308
0.300942
0.996626
0.999834
0.039962
0.637798
0.919623
0.150695
0.177261
0.724703
0.631618
0.892629
0.405391
0.512119
0.427387
0.242096
0.616547
0.827083
0.758253
0.393283
0.739666
0.647541
0.426457
0.719473
0.708522
0.375612
0.070532
0.080560
0.824467
0.343313
0.699677
0.277057
0.090494
0.820565
0.563633
0.116681
0.536379
0.792117
0.114976
0.199692
0.165957
0.580381
0.567505
0.977435
0.628430
0.088313
0.100565
0.987411
0.017959
0.126473
0.006480
0.871396
0.745888
0.959576
0.042364
0.057334
0.826891
0.050630
0.156216
0.322228
0.282312
0.316129
0.587754
0.784898
0.839301
0.453164
0.508835
0.666802
0.025856
0.822029
0.109366
0.735854
0.675700
0.695152
0.238263
0.363964
0.316487
0.931627
0.152257
0.526759
0.370576
0.963407
0.861609
0.670404
0.111526
0.350830
0.382242
0.032597
0.596315
0.964759
0.007065
0.919740
0.397760
0.910125
0.336930
0.453061
0.068611
0.211478
0.458834
0.247593
0.021717
0.587682
0.406640
0.133332
0.497973
0.326107
0.491216
0.684316
0.512328
0.870446
0.300348
0.714959
0.936548
0.671743
0.777718
0.240605
0.518203
0.805912
0.428510
0.750908
0.110113
0.006214
0.534604
0.479339
0.916302
0.456101
0.237179
0.356020
0.230191
0.223528
0.395486
0.748670
0.097226
0.693346
0.501702
0.422224
0.686432
0.080367
0.144506
0.206038
0.827025
0.004295
0.520876
0.871196
0.682153
0.573582
0.937477
0.458433
0.494509
0.624011
0.156134
0.197191
0.636449
0.079780
0.186239
0.467760
0.041460
0.951001
0.521655
0.523971
0.137792
0.230964
0.158050
0.626139
0.061108
0.434402
0.570989
0.294705
0.777645
0.082425
0.679648
0.190058
0.559958
0.902709
0.214402
0.082621
0.299170
0.248285
0.462534
0.764060
0.714633
0.472888
0.642985
0.425247
0.103739
0.109789
0.020405
0.826356
0.383196
0.925806
0.156115
0.407037
0.158701
0.508225
0.882894
0.124891
0.634521
0.070195
0.420127
0.260876
0.973592
0.432339
0.315176
0.683737
0.571031
0.497065
0.535415
0.570462
0.560467
0.832180
0.205019
0.302921
0.339806
0.165566
0.623931
0.495258
0.688572
0.749887
0.400022
0.885807
0.834558
0.324176
0.930763
0.631699
0.991767
0.571033
0.955930
0.273550
0.225508
0.235538
0.367985
0.204891
0.854817
0.610180
0.103021
0.617768
0.993728
0.159944
0.841590
0.105569
0.474969
0.450314
0.854013
0.854045
0.631535
0.755060
0.422004
0.581262
0.891441
0.016493
0.522723
0.901767
0.936747
0.165459
0.288768
0.913920
0.426443
0.373067
0.874992
0.411465
0.522797
0.847871
0.224014
0.601379
0.487214
0.189587
0.778298
0.502603
0.443923
0.741792
0.457608
0.733509
0.805553
0.071687
0.130873
0.729100
0.615651
0.327036
0.750414
0.192282
0.762103
0.286381
0.899532
0.684973
0.834948
0.438090
0.123531
0.549487
0.504571
0.044445
0.548258
0.346716
0.386599
0.350186
0.145972
0.893559
0.178476
0.897266
0.495554
0.410046
0.812869
0.345638
0.558896
0.747176
0.611773
0.598811
0.749086
0.563443
0.704519
0.876533
0.230607
0.084283
0.901281
0.934462
0.231179
0.630287
0.587129
0.342843
0.555612
0.409334
0.647186
0.676716
0.779743
0.122698
0.295812
0.478888
0.995233
0.507771
0.088343
0.836301
0.598182
0.452216
0.791444
0.451713
0.666268
0.386637
0.199413
0.262589
0.011247
0.096300
0.537806
0.260009
0.396587
0.980814
0.048624
0.010652
0.130929
0.875379
0.950032
0.412521
0.211626
0.462336
0.125393
0.553421
0.902734
0.709647
0.509960
0.814738
0.611388
0.855047
0.468247
0.902871
0.384324
0.931069
0.939178
0.541887
0.656797
0.161488
0.237830
0.829431
0.258461
0.548904
0.000296
0.487312
0.363666
0.902235
0.374005
0.903682
0.962039
0.394009
0.413243
0.601781
0.798885
0.198796
0.473645
0.640955
0.014450
0.753861
0.857528
0.229398
0.998789
0.391296
0.230684
0.312140
0.910691
0.546278
0.438325
0.188327
0.153885
0.804767
0.306670
0.372507
0.713820
0.703194
0.337134
0.602452
0.563080
0.075070
0.189395
0.739722
0.746165
0.206263
0.965955
0.492653
0.056019
0.930490
0.927529
0.122521
0.410416
0.257136
0.599243
0.546465
0.401125
0.884613
0.105183
0.070297
0.032528
0.895179
0.686888
0.805984
0.906125
0.748456
0.954379
0.833607
0.255315
0.461405
0.617853
0.150758
0.969371
0.070548
0.533400
0.130398
0.126255
0.536586
0.151567
0.184667
0.629053
0.325800
0.541799
0.315674
0.380891
0.355359
0.150348
0.238551
0.974892
0.341917
0.466472
0.182857
0.259912
0.853782
0.687913
0.470105
0.727893
0.796750
0.095892
0.898820
0.320242
0.734740
0.435801
0.587891
0.099590
0.341458
0.382587
0.246697
0.356704
0.844087
0.543070
0.206853
0.837529
0.717700
0.374783
0.968297
0.916537
0.765296
0.170261
0.530350
0.396367
0.588716
0.631789
0.385097
0.491782
0.947851
0.804539
0.390089
0.133100
0.544184
0.191772
0.701203
0.464982
0.577433
0.268238
0.247688
0.224293
0.737646
0.564817
0.858798
0.109263
0.219640
0.272493
0.367901
0.373905
0.616920
0.098173
0.605100
0.206093
0.566653
0.219526
0.092210
0.822973
0.214785
0.862874
0.790251
0.493261
0.279131
0.186710
0.532789
0.674595
0.633412
0.603385
0.509228
0.368125
0.303488
0.850643
0.166318
0.970542
0.387134
0.695584
0.652264
0.521015
0.156289
0.352886
0.055726
0.252588
0.267639
0.312383
0.739267
0.671297
0.984843
0.504893
0.429562
0.251086
0.986475
0.666730
0.378789
0.350773
0.335301
0.258874
0.767378
0.243949
0.056349
0.782623
0.983301
0.534124
0.704608
0.343804
0.884522
0.301157
0.106746
0.339105
0.685207
0.234234
0.231870
0.749016
0.230319
0.080783
0.087920
0.150710
0.725087
0.604997
0.133925
0.887186
0.267191
0.577097
0.029866
0.215593
0.266228
0.187553
0.093915
0.372885
0.619058
0.342567
0.748315
0.626522
0.971635
0.012665
0.699692
0.050710
0.398252
0.419012
0.119269
0.225990
0.331465
0.248435
0.774974
0.028051
0.622393
0.862478
0.010575
0.687579
0.196039
0.262423
0.051209
0.734097
0.457429
0.410704
0.573848
0.705517
0.680242
0.903281
0.536320
0.387498
0.377420
0.654617
0.828173
0.289419
0.883646
0.946704
0.642401
0.357188
0.936417
0.534211
0.319910
0.230659
0.538779
0.983432
0.208791
0.274382
0.638854
0.818943
0.747291
0.982052
0.801462
0.946112
0.794841
0.341021
0.115272
0.687004
0.529623
0.482616
0.941511
0.881117
0.590470
0.482322
0.513808
0.589192
0.816844
0.325269
0.480125
0.512351
0.760339
0.713437
0.899892
0.286732
0.825680
0.441926
0.386900
0.634369
0.193003
0.862407
0.026078
0.973225
0.993186
0.257931
0.815505
0.039309
0.739676
0.525223
0.446500
0.338306
0.238779
0.770223
0.427658
0.103686
0.062652
0.137891
0.118212
0.019412
0.426595
0.893897
0.789138
0.792925
0.521942
0.607967
0.981485
0.579063
0.997440
0.849372
0.112248
0.990036
0.430288
0.805304
0.023817
0.259044
0.974736
0.959934
0.413213
0.081200
0.277033
0.049087
0.024493
0.284090
0.467344
0.396655
0.024617
0.814714
0.638583
0.407032
0.451915
0.899626
0.565600
0.997543
0.319517
0.556279
0.899094
0.161271
0.578857
0.989459
0.085006
0.348131
0.001076
0.662196
0.176213
0.309883
0.925091
0.826124
0.958085
0.020279
0.491378
0.647489
0.417468
0.428086
0.937502
0.010116
0.786022
0.421824
0.527094
0.452735
0.183729
0.848382
0.063946
0.078049
0.519683
0.291282
0.312260
0.426730
0.411046
0.389307
0.326395
0.727541
0.032816
0.668496
0.818028
0.852857
0.533242
0.898852
0.326195
0.914061
0.270893
0.775148
0.349822
0.327342
0.526089
0.011835
0.839226
0.542392
0.001938
0.820071
0.244466
0.048856
0.669221
0.122348
0.486895
0.450523
0.673075
0.865205
0.560707
0.369161
0.920726
0.039540
0.862511
0.517457
0.926712
0.324575
0.883279
0.616608
0.876457
0.204937
0.342825
0.939826
0.833296
0.141638
0.486279
0.634119
0.002647
0.373683
0.270770
0.427194
0.944134
0.819473
0.010760
0.336001
0.092046
0.653354
0.888300
0.626188
0.813055
0.099818
0.517402
0.042188
0.011104
0.150410
0.128824
0.924820
0.939659
0.736363
0.066752
0.264596
0.185332
0.659477
0.189637
0.399077
0.235716
0.627382
0.738553
0.256852
0.759632
0.940146
0.711789
0.089413
0.155974
0.716926
0.442126
0.302974
0.227961
0.391814
0.590605
0.335889
0.555752
0.538234
0.004724
0.579131
0.236532
0.888985
0.309190
0.848453
0.468538
0.046360
0.738316
0.167995
0.124300
0.259374
0.661652
0.532978
0.769009
0.121381
0.501515
0.383100
0.535463
0.547562
0.274724
0.999631
0.906226
0.308856
0.004288
0.834068
0.692358
0.516766
0.485659
0.355902
0.668031
0.082262
0.818452
0.925139
0.878074
0.378245
0.484511
0.649711
0.172807
0.860229
0.605049
0.365215
0.738230
0.974410
0.511029
0.926907
0.159188
0.872618
0.837678
0.230362
0.333303
0.992587
0.503160
0.829976
0.712688
0.217176
0.726213
0.948825
0.796301
0.554429
0.833277
0.386030
0.430716
0.346102
0.731138
0.364905
0.650631
0.671374
0.571629
0.199555
0.588285
0.464085
0.713794
0.571798
0.468246
0.933312
0.037934
0.923142
0.236378
0.493560
0.105012
0.602823
0.808162
0.239227
0.708670
0.407663
0.375075
0.661980
0.040108
0.839116
0.425812
0.644715
0.528674
0.412715
0.172638
0.255776
0.269178
0.911805
0.577115
0.999685
0.921810
0.427314
0.386930
0.249432
0.901152
0.303038
0.053718
0.475173
0.349517
0.580548
0.144805
0.980016
0.796631
0.498785
0.302885
0.336680
0.219355
0.836532
0.047310
0.900312
0.233696
0.043316
0.929214
0.972175
0.462100
0.185305
0.496874
0.804167
0.218395
0.962117
0.081496
0.764345
0.412753
0.926728
0.658095
0.371026
0.358694
0.418626
0.227957
0.240364
0.205917
0.650711
0.373271
0.206555
0.011993
0.073378
0.413808
0.128492
0.160060
0.970154
0.220144
0.397146
0.258822
0.547354
0.100521
0.364540
0.463767
0.729858
0.132794
0.330592
0.734099
0.194572
0.984623
0.019920
0.991166
0.012573
0.199511
0.525743
0.167990
0.733357
0.418690
0.676382
0.904401
0.994436
0.005578
0.642204
0.701698
0.569396
0.025973
0.957512
0.790432
0.211008
0.832724
0.103113
0.701024
0.713206
0.539745
0.339225
0.804977
0.074651
0.868440
0.104500
0.030463
0.811227
0.945195
0.676848
0.981206
0.909774
0.075793
0.132336
0.946326
0.781052
0.200423
0.853888
0.751401
0.812694
0.992322
0.988750
0.246096
0.916066
0.519508
0.159277
0.014433
0.204428
0.983929
0.109569
0.584486
0.737061
0.304520
0.346561
0.932830
0.139575
0.035718
0.732115
0.461879
0.221018
0.069920
0.590538
0.473273
0.612228
0.809781
0.190831
0.176177
0.854847
0.879071
0.298898
0.490883
0.606001
0.000970
0.781351
0.016356
0.282698
0.212449
0.541454
0.546776
0.717541
0.556609
0.324756
0.228145
0.014604
0.069136
0.575421
0.792578
0.733820
0.590849
0.936920
0.092364
0.315986
0.525089
0.007319
0.164439
0.449435
0.654230
0.014772
0.826189
0.661766
0.575467
0.595863
0.765719
0.207525
0.434061
0.160852
0.744327
0.571377
0.798657
0.328742
0.711958
0.523975
0.711326
0.258789
0.539621
0.017447
0.354705
0.657089
0.933968
0.295065
0.136362
0.278237
0.489507
0.805003
0.233743
0.701780
0.518104
0.661858
0.695215
0.558490
0.829871
0.160577
0.186954
0.748084
0.769354
0.753298
0.668285
0.407298
0.753560
0.803295
0.430032
0.307636
0.629331
0.470987
0.316441
0.551596
0.211003
0.940350
0.624088
0.505608
0.218359
0.567378
0.709530
0.142490
0.406741
0.542286
0.574166
0.217824
0.293744
0.609906
0.169082
0.397894
0.451410
0.958083
0.697841
0.026620
0.635212
0.921197
0.536741
0.155802
0.951099
0.865063
0.252091
0.917822
0.248471
0.601495
0.415149
0.854513
0.651638
0.807709
0.944682
0.087304
0.275879
0.786248
0.549665
0.208013
0.506225
0.804704
0.653533
0.206415
0.658239
0.827939
0.633653
0.706540
0.910415
0.815083
0.867167
0.048205
0.507193
0.539250
0.100294
0.368677
0.518199
0.320387
0.645902
0.034544
0.410389
0.495658
0.132831
0.067172
0.152713
0.437472
0.690536
0.431137
0.129791
0.177690
0.869968
0.028451
0.926719
0.439032
0.855974
0.239302
0.870892
0.539265
0.067191
0.586089
0.883743
0.442487
0.317698
0.568068
0.791118
0.209391
0.167357
0.298336
0.750279
0.013236
0.303139
0.196768
0.451348
0.942376
0.409343
0.599606
0.252143
0.949164
0.900947
0.741765
0.829557
0.022761
0.975981
0.853396
0.718906
0.772332
0.786816
0.313700
0.415224
0.985740
0.412080
0.607043
0.031515
0.451825
0.409760
0.126599
0.337765
0.456953
0.987790
0.948299
0.369902
0.473775
0.719795
0.431123
0.358226
0.229945
0.782795
0.627169
0.629429
0.230642
0.871248
0.536902
0.695794
0.330996
0.888332
0.794717
0.435129
0.223640
0.177363
0.007458
0.536574
0.787872
0.060380
0.944972
0.093149
0.131313
0.518510
0.563562
0.598270
0.779713
0.034585
0.281653
0.185700
0.307496
0.860314
0.969688
0.960938
0.448549
0.306428
0.100409
0.947050
0.584909
0.188084
0.652338
0.753514
0.317001
0.810237
0.311839
0.545029
0.145189
0.077337
0.098366
0.148737
0.099439
0.552560
0.985005
0.771765
0.760699
0.046944
0.229611
0.172686
0.890915
0.159854
0.527096
0.379604
0.879347
0.649104
0.007422
0.600653
0.259295
0.034052
0.336874
0.643566
0.359906
0.703229
0.943017
0.376947
0.010566
0.897283
0.313230
0.208081
0.427402
0.672005
0.538843
0.268995
0.579592
0.386037
0.374637
0.177613
0.761386
0.913456
0.395330
0.489482
0.063470
0.508968
0.940671
0.264262
0.618453
0.327821
0.364315
0.549712
0.166377
0.269506
0.898696
0.063628
0.495410
0.784114
0.062362
0.046386
0.438794
0.072730
0.994768
0.530013
0.665053
0.610917
0.661168
0.846200
0.638670
0.848550
0.594606
0.875397
0.416078
0.222383
0.697530
0.596914
0.767264
0.436702
0.622641
0.912356
0.492153
0.178686
0.504513
0.128974
0.462238
0.481331
0.705975
0.894491
0.921916
0.813931
0.075254
0.374271
0.582409
0.853116
0.185687
0.449486
0.764663
0.953705
0.558856
0.232456
0.568990
0.207349
0.383193
0.816193
0.396334
0.599827
0.813725
0.904685
0.454076
0.194760
0.448082
0.399341
0.166373
0.482432
0.285955
0.307237
0.449717
0.326832
0.611208
0.700868
0.679371
0.349897
0.288447
0.362509
0.190964
0.459431
0.541465
0.734934
0.187632
0.754048
0.561281
0.766275
0.717009
0.647855
0.153465
0.022509
0.775938
0.067083
0.606334
0.620282
0.044888
0.907630
0.051179
0.591113
0.041688
0.352266
0.928257
0.206046
0.564465
0.136796
0.637942
0.540608
0.602773
0.331849
0.352826
0.404107
0.175224
0.621512
0.918746
0.293816
0.396272
0.698632
0.130414
0.684255
0.583196
0.355887
0.737880
0.432387
0.890942
0.411882
0.201565
0.358044
0.288979
0.050307
0.707646
0.258813
0.260022
0.431619
0.359134
0.069278
0.583579
0.756442
0.793405
0.534914
0.680044
0.996916
0.150976
0.954099
0.221834
0.555493
0.898495
0.663242
0.400910
0.684610
0.874767
0.396324
0.039633
0.406461
0.123138
0.171404
0.720389
0.882476
0.938881
0.664907
0.065935
0.516320
0.080993
0.456220
0.527068
0.011559
0.495486
0.721363
0.790299
0.647720
0.452189
0.446159
0.457327
0.096540
0.938435
0.539314
0.510403
0.712729
0.256968
0.860104
0.947017
0.473460
0.641605
0.858437
0.745156
0.479377
0.683947
0.930206
0.683147
0.705815
0.220764
0.117451
0.840598
0.311012
0.684964
0.293502
0.738013
0.560320
0.396718
0.843991
0.583884
0.688184
0.294075
0.988288
0.022363
0.103488
0.980610
0.748867
0.095144
0.583880
0.252980
0.243770
0.267197
0.071840
0.273067
0.896415
0.619033
0.819575
0.665122
0.519035
0.175007
0.825273
0.394001
0.303050
0.126785
0.523556
0.822231
0.385218
0.958837
0.273682
0.237397
0.068520
0.368880
0.496585
0.811382
0.532359
0.872286
0.125240
0.510711
0.959470
0.305480
0.221507
0.893952
0.721668
0.364227
0.899267
0.640270
0.019995
0.800164
0.785039
0.202042
0.070231
0.062257
0.036288
0.607630
0.937452
0.382525
0.652769
0.598981
0.882626
0.234054
0.384913
0.462437
0.749851
0.101719
0.682705
0.087061
0.087844
0.717358
0.100611
0.718433
0.469981
0.357922
0.167970
0.539432
0.751898
0.209456
0.295301
0.309026
0.274089
0.625505
0.298713
0.215832
0.679748
0.264051
0.349298
0.535515
0.875056
0.038708
0.427544
0.318825
0.910833
0.049522
0.824330
0.625350
0.865597
0.830128
0.748239
0.433036
0.331666
0.179917
0.762639
0.155214
0.837105
0.632632
0.499379
0.898581
0.843660
0.982276
0.082691
0.651959
0.116742
0.938755
0.653068
0.657508
0.560822
0.773561
0.220815
0.304814
0.681255
0.375242
0.363761
0.869472
0.468385
0.661935
0.306117
0.500481
0.276397
0.789066
0.893745
0.435494
0.397797
0.885329
0.971756
0.392405
0.547545
0.495534
0.390995
0.287124
0.764068
0.924430
0.173692
0.646871
0.735391
0.961468
0.464489
0.153022
0.272974
0.276336
0.275234
0.115616
0.495972
0.796570
0.351816
0.203758
0.112841
0.533591
0.516374
0.466006
0.085256
0.477601
0.975798
0.187476
0.170911
0.377214
0.433027
0.001051
0.901399
0.756644
0.323125
0.397137
0.856182
0.824856
0.743468
0.870370
0.590115
0.901261
0.122955
0.966666
0.798519
0.727562
0.350857
0.101203
0.106123
0.072392
0.582522
0.375071
0.722041
0.723848
0.703908
0.327963
0.601400
0.000695
0.134792
0.566889
0.678230
0.056475
0.396550
0.630242
0.768943
0.067574
0.431469
0.457048
0.249931
0.832979
0.477846
0.725362
0.969041
0.238360
0.981473
0.207852
0.751488
0.232756
0.706664
0.632127
0.072173
0.490840
0.377637
0.506593
0.763558
0.915333
0.318732
0.933080
0.476262
0.811472
0.894147
0.058100
0.930847
0.116086
0.807693
0.158355
0.725129
0.214572
0.273948
0.022545
0.885697
0.109753
0.733483
0.669798
0.323425
0.355016
0.496839
0.558135
0.267271
0.313326
0.505532
0.603734
0.477684
0.639609
0.879079
0.230928
0.577355
0.506006
0.981561
0.883849
0.137263
0.991268
0.812328
0.632090
0.121419
0.620743
0.114285
0.835606
0.398454
0.987418
0.869049
0.237732
0.123995
0.149476
0.977315
0.431212
0.935983
0.911182
0.169973
0.571927
0.736562
0.305986
0.590432
0.894606
0.190002
0.916224
0.393480
0.334159
0.266216
0.546909
0.463965
0.523189
0.215444
0.305759
0.218639
0.071718
0.614286
0.419982
0.916772